1.271098548743312406e+01
8.971739726095719902e+00
2.646861958962556383e+00
7.123249229865754373e+00
4.201971900169079177e+00
2.431972220926706285e+00
7.175201268562106272e+00
3.461857537688392661e+00
1.081577261844943649e+01
1.359566079015138129e+01
1.786076425380365151e+01
1.162396304413638326e+01
1.308411069741908150e+01
1.303224765112374683e+01
1.674783923933126317e+01
8.608608412565606827e+00
5.168197024537137807e+00
9.309910122752219408e+00
1.447662407344609292e+01
1.834508477834424411e+01
1.622184968446294207e+01
2.812462396025226852e+01
2.950937553499294808e+01
2.908497152153239895e+01
3.269981100378129213e+01
3.443535302881595328e+01
3.405274059193768466e+01
3.009225403001483556e+01
3.807904709641886853e+01
3.845159101602018836e+01
4.385871531246016275e+01
3.820000983263130934e+01
3.185155737663405873e+01
3.765084285968222844e+01
3.673470261342417587e+01
3.441220145270516184e+01
4.309353963630427131e+01
4.000280645707763227e+01
4.029073159341809429e+01
4.266034269017180947e+01
3.447480783533787019e+01
4.300843998957402192e+01
4.150555738922153637e+01
4.483003776239037563e+01
3.309821077854657290e+01
3.881156592540287420e+01
3.710931002693912717e+01
4.704048929784003263e+01
4.619749315818957314e+01
3.912060478977521427e+01
5.299889755946985304e+01
3.757547267314795647e+01
3.005658607399534787e+01
2.954333475223652528e+01
3.539925944574442696e+01
4.035569692637877637e+01
3.094506560848970622e+01
4.051448373259842839e+01
3.200524737314353985e+01
2.954792861126892944e+01
3.313735026955748708e+01
3.622238276067353269e+01
3.589029410490491756e+01
3.848817544999725015e+01
4.366977826067132185e+01
3.438736587627078478e+01
4.303237213058351074e+01
3.772764855529802475e+01
4.054172888898901306e+01
3.918689536393955564e+01
3.220419997769712239e+01
3.508248718383192966e+01
3.571626453788265820e+01
3.140902450379822142e+01
3.912527337653023096e+01
3.677454577316061091e+01
3.061070574241897191e+01
3.947559980467631391e+01
3.554446892834522487e+01
3.524958881719673087e+01
3.332142414410801479e+01
3.358562463151428545e+01
3.575634050101402295e+01
3.587232249531732009e+01
4.535596526548781071e+01
4.035023799317835369e+01
4.829197309982204445e+01
5.175965887346072236e+01
4.823667274408316530e+01
4.365137068496706974e+01
4.301386696153367240e+01
4.450208641834498025e+01
3.600357063177231254e+01
5.245494900393987336e+01
4.350676142801994928e+01
4.888129915034491546e+01
4.092164695611647574e+01
3.817249553301066101e+01
5.130063546103721706e+01
5.337938440940302343e+01
6.243703742346002628e+01
5.262232736127396038e+01
5.215482807659113007e+01
5.529688358623133126e+01
6.112808653975217510e+01
5.723884902235464267e+01
4.358061608915622998e+01
4.723049488053904810e+01
3.925599638066221786e+01
3.854418421012911722e+01
4.461504275162831590e+01
5.286331639765164425e+01
4.877430516532626825e+01
4.911973959054137140e+01
4.934383912082250845e+01
5.096990898539606718e+01
6.156997723306053416e+01
5.958635393389891988e+01
6.167569115146835657e+01
6.477662141764206183e+01
6.134471162928133481e+01
6.324008887351241981e+01
6.487462814562667290e+01
7.382704906748237761e+01
6.790515423764097136e+01
6.052300060188572672e+01
6.130307946101131478e+01
5.170931839989432888e+01
4.777135939244229945e+01
4.838538557108869753e+01
5.990062648726705419e+01
5.407269126124584346e+01
4.884353111681750903e+01
4.738189832960743786e+01
5.585247465311744719e+01
5.871424461071001843e+01
4.550227969164358655e+01
5.471661990313231172e+01
5.736186773409509954e+01
5.525411248798138786e+01
6.044720055841406037e+01
5.423563773288067580e+01
4.821423513267953354e+01
4.769031315048763986e+01
4.827779478258707968e+01
5.477352994676588338e+01
6.155839962975728952e+01
5.563937135645419829e+01
6.333441780863504533e+01
5.582785137955347921e+01
5.934245484445964536e+01
6.713614861201203610e+01
6.485835873961224252e+01
7.801519492471837225e+01
7.700514956579770853e+01
8.031156051920871164e+01
6.489377938171256233e+01
6.923908386906376222e+01
6.160353254643639076e+01
6.530503222505906535e+01
6.231642387556409801e+01
7.326583845381757953e+01
6.438904494497592168e+01
6.528742269700885004e+01
8.047889700390265943e+01
6.924536062368228784e+01
6.812562011645935911e+01
6.519982829844433070e+01
7.048881590798218610e+01
6.504650166569891212e+01
7.692956334585042555e+01
8.170189333881160110e+01
8.126189606714601155e+01
7.540649367251950252e+01
7.212694895942232165e+01
7.901124863889739913e+01
8.055845630061190832e+01
8.501717151604957223e+01
8.423656368181640630e+01
9.053301288114847978e+01
7.975794457233723733e+01
8.977214402447836505e+01
8.585438209085364747e+01
9.448273392860664899e+01
8.740301762873447444e+01
8.855443659227589137e+01
9.343586903353964601e+01
9.516659730126933425e+01
8.792413211565425968e+01
8.544218998148373601e+01
8.551538706388683408e+01
8.824539148158164892e+01
7.701198633605795862e+01
8.798038569885389393e+01
8.952221266412456657e+01
8.618095930732989984e+01
8.558034019852401286e+01
8.091157540666935688e+01
8.250647772421613979e+01
7.652165017328293573e+01
7.768322660996622631e+01
8.243397837588268828e+01
7.294810806050580254e+01
8.102828831236462293e+01
7.505257505099056914e+01
7.700483755072356473e+01
6.848933990337215505e+01
7.256767574894729478e+01
6.921147401563028723e+01
6.479841447495184070e+01
7.421196632303637841e+01
7.468026714609878525e+01
8.046773571877233167e+01
8.106871712540518615e+01
7.417360988147825651e+01
7.478758196735955721e+01
7.047699352793243577e+01
7.980477913202136619e+01
7.059527307423141451e+01
7.199669746521975355e+01
6.927721792254698130e+01
7.183545835594186713e+01
7.943171231668527810e+01
7.498456698779142471e+01
8.021151003460147422e+01
6.861221897139613191e+01
8.053623007511045273e+01
8.289136287930931246e+01
7.152688568221124399e+01
7.036431579736839126e+01
7.477624267523351875e+01
7.508250227517957853e+01
7.277846157858992626e+01
7.037542709751376435e+01
7.213154116931320914e+01
7.194264181335921648e+01
6.010232606370753672e+01
5.480146187865514662e+01
5.661321508357716681e+01
5.806306916025637577e+01
5.358070876919435221e+01
5.515077102811292065e+01
5.448385880100006773e+01
5.470292889121865443e+01
5.646049859332305942e+01
4.690599950039432287e+01
5.513246856614664182e+01
5.462604956579238547e+01
5.297750498217483539e+01
5.795168822819476162e+01
5.284140156375299568e+01
6.002818447899399956e+01
6.155988593478763704e+01
6.253050020811718213e+01
5.978321896109954281e+01
5.921291142153407350e+01
5.975027335555234487e+01
5.929276026059650917e+01
5.513445295703542115e+01
6.664865407270571040e+01
5.731069447942618211e+01
4.670655771508688758e+01
4.985196642414279466e+01
5.002595912450006210e+01
7.062008983050854738e+01
7.502576486565936875e+01
7.575604205246655454e+01
8.788253276543586878e+01
8.413411653951827418e+01
8.004945951503491131e+01
8.408810171247644405e+01
8.164548144599498869e+01
8.887839219357638854e+01
9.237704950540793902e+01
8.640009456484000339e+01
9.058696744707251014e+01
9.202825539509403541e+01
9.316813854919647042e+01
9.205331804657545547e+01
7.875930828159653174e+01
8.780147701208757383e+01
8.633694429208220811e+01
8.765261766269479438e+01
7.719847233950389409e+01
8.414154252284052404e+01
7.379716442247520547e+01
8.687645835789699333e+01
7.932839342670077087e+01
8.680364232004399128e+01
8.142950470315872735e+01
7.253073434355114557e+01
7.084572025499713277e+01
6.737980384305912196e+01
7.005005500438559807e+01
7.913456365936787051e+01
8.070577704124201546e+01
7.032141826561301912e+01
6.862063742700721036e+01
6.739905015930554555e+01
7.236391517564170783e+01
