1.194972553886024613e+01
1.243993944239079141e+01
6.847918508910579405e+00
6.634671254083553293e+00
9.568768370806692403e+00
1.023415338962769461e+01
1.000797418084616908e+01
7.422894881550412549e+00
3.829943021455784802e+00
1.131424661428677858e+01
1.548203777046720830e+01
1.105658879577186937e+01
1.126052206503303310e+01
1.483829628317701577e+01
8.622715669490279566e+00
1.625287133179044119e+01
1.547075399837104825e+01
4.990700525659383935e+00
1.675020353337668411e+01
1.725180777151520672e+01
1.579429193132326326e+01
2.045577204417310568e+01
2.629064969014518738e+01
2.876777980179748084e+01
3.808113141809892710e+01
2.951298651767653780e+01
4.104127665707587624e+01
3.938295542999570387e+01
3.899094798956222263e+01
2.936109468758523278e+01
2.184849846741091994e+01
2.387591583267283113e+01
1.286940459284301141e+01
7.314186332337989427e+00
8.906424950276157659e+00
1.862943924549077579e+01
1.565963808544216462e+01
1.453371073777163147e+01
1.852430777107286985e+01
2.287821773474928477e+01
1.774915701177360106e+01
1.949923052709784344e+01
2.280358111837488622e+01
9.711229996401355535e+00
2.187248421813281851e+01
2.794714276495539451e+01
3.032869708200964709e+01
2.093319786559972329e+01
1.627761168433554673e+01
1.965173315201606385e+01
2.523135329414080985e+01
2.862094226019128840e+01
1.680763192945720519e+01
7.093084325266056922e+00
6.813455664517759303e+00
1.057457317188682744e+00
8.285659770977526151e+00
3.520741911781847033e+00
1.250083236328873859e-01
-7.991877056825602565e-01
-4.716205346496249451e-02
4.205319415171120845e+00
-1.710880088123323262e-02
1.311055457286186865e+01
1.668995364620109001e+01
1.554978075316947184e+01
1.481986701121842387e+01
2.211380144021131144e+01
1.098964001383541955e+01
2.064011606392575260e+01
1.972500024660321571e+01
2.503198398622178900e+01
1.781662892926874875e+01
1.301319133065807421e+01
1.229296727949653523e+01
2.048724361799503058e+01
2.438424221577941609e+01
2.159209858854447361e+01
3.431390774399399390e+01
3.850167557258047424e+01
3.445814757535129047e+01
3.188515131647482548e+01
3.957428732315277387e+01
3.597658385817181426e+01
4.353255986167815195e+01
5.229668570592594534e+01
5.311691142491687856e+01
6.066718819137160068e+01
6.429558114465893937e+01
6.877689779032054673e+01
6.781669794366524684e+01
6.447465763614972900e+01
6.160836664197260859e+01
6.023028414692106480e+01
5.869856144978142254e+01
5.746225878043019009e+01
5.889144079649432939e+01
6.826188198568476651e+01
6.576174549901330124e+01
6.018570713634920821e+01
5.844429220407594272e+01
5.385190846889152283e+01
6.393289426593843672e+01
6.450265492380556509e+01
5.532573302000366766e+01
5.662797489015578378e+01
5.163818373632596348e+01
5.072660664741766112e+01
5.599900648796665337e+01
6.377663660384506272e+01
5.699443206174421306e+01
6.679897378873074842e+01
6.226125332570454418e+01
6.991130495326680716e+01
5.812832167051556098e+01
6.111500242396352434e+01
5.885356895176181524e+01
6.439472159385272221e+01
5.894680562061992646e+01
6.406078194337115406e+01
6.919428261142695646e+01
6.227651060247788450e+01
6.295060881443460943e+01
5.791405253764984451e+01
7.153145721367656051e+01
6.674100332245402001e+01
6.441538838710772552e+01
6.877512520235873694e+01
7.053660665547930364e+01
6.813057597509741470e+01
7.290509754952007881e+01
7.476680360421330818e+01
7.487233437319898144e+01
6.461418597111008921e+01
7.958397908908501961e+01
7.040244006672979538e+01
6.859681833404273732e+01
7.682261659389942565e+01
7.098949259233295095e+01
6.909115575627124883e+01
7.505773348311976179e+01
7.999472351287886340e+01
8.024944935643164001e+01
8.144646037970917973e+01
7.783403573105195505e+01
7.298489973716392853e+01
7.045879999021121876e+01
7.471281562957543088e+01
8.187749335045177190e+01
9.092697964490734819e+01
8.452273907344897452e+01
7.938317400830510451e+01
8.625101508323768940e+01
7.436101435556594197e+01
7.420953466288887057e+01
7.490806996025550291e+01
7.442868382140855488e+01
7.492255558019627415e+01
7.375687268655708806e+01
7.799604839035828263e+01
6.941926804505557413e+01
7.815240022361000172e+01
7.684377779719079626e+01
7.479007017745733776e+01
7.620222939220778358e+01
7.505203788717977886e+01
7.354296222446913589e+01
7.370366660485454702e+01
7.330650168848801229e+01
6.900297878107426186e+01
6.021396559979434926e+01
6.652705534445429691e+01
6.079735480018337768e+01
5.925293613168877016e+01
6.670613362548375846e+01
6.963127352885848609e+01
6.194344465241904629e+01
6.424380261271110726e+01
5.740805567501586637e+01
5.704880434470821626e+01
4.722314959414568136e+01
4.392480786051099528e+01
5.170885528919774998e+01
5.960229435334775161e+01
5.092148809708040602e+01
5.180864039986148128e+01
4.842025260694470035e+01
4.553380257671346243e+01
4.097968616258491181e+01
5.110028270685047858e+01
4.718091702708133539e+01
4.887429748998087575e+01
3.858607929804460213e+01
4.190786202602340893e+01
3.910622480891337460e+01
3.038584599345017168e+01
2.792200173049816314e+01
3.123952165677379611e+01
3.060829140801268622e+01
2.776128098092692298e+01
2.881319467096545495e+01
2.984105674079193093e+01
2.616598562913254611e+01
3.534385807670543755e+01
2.520702652097764940e+01
3.556590307867170964e+01
3.361320195866416327e+01
4.058154745115750472e+01
4.223344512835435438e+01
3.714940688781503297e+01
3.341865365891252537e+01
3.457738008675057273e+01
2.888477636499964163e+01
2.798484693811893820e+01
3.003616318349340375e+01
1.357479120270652828e+01
1.035037850946820015e+01
1.357943530890513273e+01
5.645000669886803379e+00
4.889846769260410397e+00
6.221067688364740889e+00
2.943676152272168611e+00
4.944150916449352451e+00
-2.919712811472150449e-01
2.093483710921411056e+00
1.477522780008637326e+01
9.112855185725344143e+00
7.549631085642471540e+00
9.686605530226664484e+00
1.295334913254214371e+01
5.992902374710707747e+00
1.584304743761010315e+01
7.493986246149420438e+00
1.436082346558348632e+01
1.032732802921974447e+01
5.157046396407785949e+00
1.595713997464092060e+01
2.145811209258566521e+01
1.313454232087478601e+01
1.972062136102571017e+01
1.126269562913171640e+01
1.559397932828942146e+01
2.545121900265304760e+01
1.941175448521153868e+01
1.987046903988646918e+01
1.946473826158722531e+01
2.024409077154123082e+01
2.109679679759847915e+01
2.502275519678854820e+01
3.336791358154655285e+01
2.647226291551486810e+01
2.849538145137724143e+01
1.957145795336141703e+01
3.492981818810629591e+01
2.824130485358614351e+01
2.581284861780139295e+01
3.721179038321948696e+01
3.459128560646315975e+01
2.256528545467954672e+01
2.132564150515393919e+01
2.065801642088433354e+01
1.964264493148099433e+01
1.999631552600084916e+01
1.368164013478093644e+01
1.433527793191201916e+01
1.798714592302289361e+01
8.607399856152920137e+00
1.077538031192654344e+01
1.841325807065998532e+01
1.546744357664281644e+01
1.593975888152762543e+01
2.090264899958835088e+01
9.685420119289897656e+00
1.372221622950267417e+01
1.096622890744339429e+01
1.550232905918725912e+01
1.629365140368750176e+01
1.383750660156258938e+01
1.122747272990545930e+01
1.065876507461492828e+01
1.892596116146179241e+01
1.827438907210785857e+01
3.046189845736308044e+01
2.256874367104155255e+01
2.825927432405998019e+01
2.355272955064981844e+01
2.911766530119168905e+01
3.728462090156111230e+01
3.549313742341580280e+01
3.237690446754592699e+01
2.494552136090779015e+01
2.725648776435701492e+01
3.007789194335645888e+01
3.640819385039161205e+01
4.142952149205635237e+01
3.946604499025736601e+01
3.807665219455846994e+01
3.734013271052772609e+01
3.460417473262104693e+01
2.073132077591328226e+01
2.199555531234970829e+01
1.322898059747414656e+01
3.400725279240231380e+00
-2.704940070872428937e+00
-1.293056059258958390e+00
5.022892505323100387e+00
7.384902845643424918e+00
5.545222513819448196e+00
2.291887853782581530e-01
-5.625872929542041767e+00
-2.311291774547113320e+00
-1.765544250410144400e+00
-9.339306640595975040e+00
-4.612065248372719140e+00
-9.827942208711963445e+00
-6.068085710497064689e+00
1.573648673771615769e+00
-4.555481496100293626e+00
-8.716947500475995980e+00
-7.433004606942210657e+00
2.670942525497415954e+00
4.737787845922785124e-01
4.400635844527841734e+00
7.390948925094899202e+00
6.201459957732154749e+00
4.210411794410399366e+00
8.139281674763228835e+00
1.618613141670145694e+00
8.232649840641936834e+00
1.415812363727360079e+01
1.387136281946485816e+01
7.582820342411516812e+00
1.251657244053702556e+01
1.111578314028513681e+01
1.352609408717566275e+01
7.258539420131512543e+00
1.056378342772442913e+01
1.532307011751992931e+01
1.134731802697299941e+01
1.167094913150940982e+01
1.715596157918760412e+01
8.050632402554356304e+00
7.621010356880186798e+00
4.760157665474811672e+00
9.805288441639401498e+00
5.294524352097107922e+00
8.394327683419948727e+00
6.089796322069069845e-01
1.231264261130035820e+01
5.607845920337537926e+00
-4.777796931464884267e+00
-9.937776985633162141e+00
-6.108123275473616332e+00
-1.500216779935267652e+01
-4.858010529707513570e+00
-1.269105724030978166e+01
-1.418219711480321799e+01
-1.655865387833921076e+01
-1.076778779043393186e+01
-1.293187134503281932e+01
-1.266781492273556609e+01
-1.392546510376027236e+01
-9.883493902356347505e+00
-3.569516458041066542e-01
-9.976549319353237522e+00
-1.594813867451322054e+01
-1.397622257221129516e+01
-1.282581295106460217e+01
-1.926941780888627775e+01
-2.038189147631094755e+01
-2.774952931430869896e+01
-3.438265645934097137e+01
-3.549403975135071221e+01
-4.078785824715755126e+01
-4.279228469635261689e+01
-3.535606942885226545e+01
-3.742785320332314569e+01
-2.965017172552777325e+01
-3.200861095721500504e+01
-4.101006010617943076e+01
-3.859786692495691796e+01
-3.798312082269511336e+01
-3.492927964114014117e+01
-3.411962228135979558e+01
-2.239678846510868127e+01
-2.449622771483443984e+01
-1.155201972781854280e+01
-2.027328712169946456e+01
-2.275710524393274525e+01
-2.203280444013410033e+01
-1.097255064716219941e+01
-6.710528231110558295e+00
-8.362466881486984249e+00
-1.721773292929382038e+01
-1.050548380545937732e+01
-8.421069325824692697e+00
-1.013952177212994243e+01
-7.200075338467210706e+00
-1.370856151497463671e+01
-1.758544397958948480e+01
-1.091684508430980216e+01
-4.794397631769234280e+00
2.044114708320486695e+00
1.146852522907084504e+00
2.373445803507608698e+00
4.898354333022315821e+00
2.026605939374176657e+00
1.380839138790867615e+01
6.235817019887385904e+00
1.518182191488963717e+01
8.572898569521113288e+00
1.583865869385214964e+01
1.640484414545822744e+01
1.349999656939861126e+01
1.702999401922339828e+01
2.151832643041003479e+01
1.728353007261226892e+01
1.872316581661059942e+01
1.871736707418455481e+01
1.475293955708957228e+01
7.432538273100207427e+00
2.071648709175183622e+00
1.274761885444068454e+01
4.612011170038372576e+00
8.733865019782669492e+00
1.725143253841773827e+01
1.551020090436778709e+01
1.973751918518278714e+01
1.393294635376641466e+01
1.616805136205351090e+01
2.116032197008709659e+01
2.411177979245251990e+01
2.260642942419962864e+01
1.931539493739541768e+01
2.078292414396963750e+01
2.057850838659975068e+01
2.492246863990737538e+01
2.188392208362579439e+01
1.890847237555858129e+01
1.894548549208125010e+01
9.950265857531148228e+00
1.479111213466537578e+01
1.176980386237183041e+01
1.302613867399990433e+01
2.061716983779025014e+01
1.951145637415798717e+01
2.073548623604338914e+01
2.453280316368787695e+01
2.758548343283656834e+01
3.015070159960444585e+01
2.744526620455728860e+01
2.480556127151415069e+01
3.273908634633238535e+01
2.657047846364462629e+01
2.778749210289780791e+01
2.621844061026138561e+01
3.264095481528767806e+01
3.250408113393620368e+01
4.016757798443997274e+01
4.991028532834052100e+01
4.809165437421697220e+01
5.058439137412211295e+01
5.461818281179797197e+01
5.712880773526084965e+01
5.493973571630864683e+01
4.988147793045190070e+01
6.016888849714192844e+01
6.200489601239362258e+01
5.086936701530856908e+01
6.246994200927007057e+01
5.420176215623210680e+01
5.173530836809297284e+01
5.446100833325668589e+01
4.959249912030757912e+01
4.169765389250142107e+01
4.516795213973686174e+01
4.110635177084895986e+01
4.509296546752348434e+01
4.501058846919668355e+01
3.268109566679704159e+01
4.094065721791974255e+01
3.064091664685534866e+01
2.815554544002794657e+01
3.300794658208639021e+01
3.277376669720325708e+01
3.675433600864062811e+01
2.945047805711345390e+01
3.144949354891040372e+01
2.411914299925162908e+01
2.431420621628595313e+01
2.418934643091665393e+01
2.424920599460966741e+01
1.926882692760864302e+01
2.678633261060340587e+01
2.256513714847635299e+01
1.383230801470863014e+01
2.089841107793387565e+01
1.616841886154540830e+01
1.316440860879865760e+01
1.138832079282764020e+01
1.159442400940176832e+01
7.778742576693558952e+00
1.201247196026514530e+01
8.555881657336410484e+00
9.297135230515678472e-01
1.092036799802571956e+01
-1.869790676539727858e+00
5.981359995923614115e-01
7.627640508287873544e+00
6.161689118617897698e+00
1.084819574241450191e+01
1.593873195337939030e+01
1.315395843546572507e+01
1.233308482571174913e+01
1.837646310479087930e+01
1.714499520908110597e+01
2.472684084048533038e+01
2.492268209776695542e+01
1.146959316973939558e+01
2.345134559700817434e+01
1.155962610360585430e+01
2.196051309362340476e+01
1.500505213779153202e+01
1.326916182378475639e+01
2.145010972542033301e+01
2.439100335861164126e+01
2.352629453916365776e+01
2.049637897029006695e+01
2.323500450697875408e+01
2.468129890030396112e+01
1.503460986330931348e+01
1.481376988168210396e+01
1.100306801000072809e+01
1.242040904089773079e+01
1.836331573339020906e+01
1.362981719854230178e+01
1.826287036978212086e+01
8.155545205803278463e+00
1.297312077910368799e+01
1.257112091038965218e+01
7.284327191406285706e+00
8.289054273435301212e+00
2.812407304175980727e+00
7.953797575525085151e+00
6.526296730923266232e+00
1.280432066052252971e+01
1.204583412100506834e+01
1.545083941645346570e+01
2.483045518944525298e+01
1.769595436905514063e+01
2.164249509752041689e+01
2.649477614832129646e+01
2.769261043629485997e+01
2.842541486174098964e+01
2.379895101947665026e+01
2.350849876963000540e+01
3.525751019138859732e+01
3.543851397258741542e+01
3.489031554586147621e+01
3.252825422598486682e+01
3.453231505047794769e+01
3.190830194849677781e+01
3.271699380729263140e+01
3.469451656725307487e+01
3.205754787305185260e+01
3.454052023720975484e+01
3.420592800381599830e+01
3.639793764632479167e+01
3.687632298857266022e+01
3.283762061506850216e+01
3.779174594057643333e+01
3.652422675034532062e+01
3.695708716055586507e+01
4.455867339077014577e+01
4.420282003133368676e+01
4.736029246868814369e+01
4.539489095827215692e+01
4.327843626161448043e+01
4.199233297352461136e+01
4.107178377103102918e+01
3.544616737058085221e+01
3.639355265193351130e+01
3.490926279566934198e+01
3.049343667056174922e+01
3.716658032242859377e+01
4.371655575258205317e+01
3.675236179865356689e+01
4.666493517959089132e+01
4.650992464648178526e+01
4.611660509018896903e+01
4.870759870514110901e+01
4.944639825155989854e+01
4.277760865941827717e+01
4.471117474725993901e+01
5.211006455708822216e+01
6.256697760470147074e+01
5.350893725103030363e+01
5.734895325922138909e+01
5.990784931324228069e+01
5.152262352271613111e+01
5.013519026286999036e+01
4.976774736384405173e+01
4.831595011834399145e+01
4.761280334597024932e+01
5.422703745071390102e+01
5.076021193742420223e+01
5.786977309760307975e+01
6.036896536557346593e+01
6.061012749568330094e+01
5.944429739958469838e+01
5.336280375575969259e+01
6.033755956178437430e+01
6.081852891049047116e+01
4.505795199394039940e+01
5.186510059529131667e+01
5.529359799756869620e+01
5.222470151983863929e+01
5.063588417155980181e+01
4.759797029588519024e+01
4.414500685223420362e+01
4.802883644598752966e+01
5.880246868701324559e+01
5.491880282675394653e+01
4.813354703834230008e+01
5.086499030144462097e+01
5.005203315080236592e+01
5.176256503561050692e+01
5.310366616805727347e+01
4.913796047820380863e+01
4.812551713301358802e+01
4.873577123367013542e+01
5.265507969035304114e+01
5.018630447580058274e+01
3.974144876185789599e+01
3.234905879178323573e+01
3.275571702158424614e+01
2.625937188876117645e+01
1.943353378970363821e+01
1.886203141386465632e+01
8.077492553716009382e+00
6.148184600568908920e+00
1.378362133378907473e+01
1.694812883803348313e+01
9.719571272409808671e+00
1.538070003712106093e+01
2.193408332257172333e+01
3.443639623625456636e+01
2.652994247204176759e+01
2.160052626097649409e+01
2.391088435405525914e+01
1.984402691449687239e+01
1.661837035461416079e+01
1.786281952137446183e+01
2.334415795130001214e+01
1.269540595570624575e+01
1.830005796833484411e+01
1.602088109902340918e+01
1.767033497696816724e+01
1.367566269410618141e+01
1.510836841372967143e+01
7.802097395245501943e+00
1.161340409409625707e+01
1.836224072907018723e+01
1.625525581762200034e+01
1.754536438935578246e+01
1.809635292088456637e+01
2.637647372116188293e+01
2.719718331307220183e+01
2.545314100303830429e+01
3.562949595225987309e+01
3.479586597986413210e+01
2.195129951930561418e+01
3.098231529211664181e+01
2.628559133125191494e+01
1.775273490215503713e+01
2.749876123769213621e+01
2.684420342458144759e+01
3.182833967496770811e+01
2.882316097680432421e+01
3.915013791933615295e+01
3.169197402376659412e+01
3.588749236656690300e+01
3.803707334238716697e+01
4.091307737514324572e+01
2.827853755303577188e+01
3.080174454973705878e+01
2.797063699608358434e+01
1.923218399098291798e+01
2.450345818400470321e+01
2.549055483779044806e+01
3.175249827186015494e+01
3.102974386237931981e+01
2.716601032886619294e+01
2.326951634421668658e+01
2.775817143571281065e+01
3.361795845704084229e+01
3.459777383337879542e+01
3.048506117484124900e+01
2.605667009499942566e+01
3.431591284601167757e+01
3.411700890431184519e+01
3.162784674437153143e+01
3.244935220336028436e+01
3.583389451532140413e+01
3.655839372156404465e+01
3.470540037198962580e+01
2.630861601535749017e+01
3.132202074597720554e+01
3.322647252189020151e+01
4.042393598107440766e+01
5.534215135322415335e+01
3.898094934443715687e+01
5.244860942037517049e+01
5.608101976717014736e+01
5.032701451430399686e+01
4.670275353990008682e+01
4.181936276490852578e+01
4.550031140856894041e+01
4.510299452159693345e+01
4.227275642842113257e+01
4.027380699739436665e+01
4.562459024883457914e+01
4.546995072033800511e+01
4.348213126187992117e+01
4.619613152797929700e+01
4.298034544828701087e+01
4.593142154384648990e+01
5.775432225331626768e+01
4.035908362109659464e+01
4.048308529570038417e+01
5.469268548013421594e+01
5.765037472667534502e+01
6.189828669870713895e+01
5.674582989417405798e+01
6.170775496683059202e+01
5.078733780225479677e+01
5.925096309419309648e+01
6.224192849670546934e+01
6.088047706835840245e+01
6.464291047212903152e+01
6.904072944016226643e+01
5.855963183650062831e+01
6.119330833591656216e+01
6.364533147638832133e+01
5.089044144566749850e+01
4.946746785841026650e+01
5.445920643597545308e+01
5.080573944813303910e+01
4.659885278297920053e+01
4.977672997676095434e+01
5.038911989893609444e+01
5.075148441622345530e+01
5.546532424563372388e+01
5.008595485703555994e+01
5.257677789932719747e+01
5.319418431244675105e+01
4.948785382040615133e+01
5.623176299289626456e+01
4.788820488818393528e+01
5.480680689737365441e+01
5.652958724519984912e+01
6.556626639004116441e+01
6.484704398861757113e+01
7.001011062114443462e+01
6.139201420837633094e+01
5.169460841253598460e+01
5.879886231750064240e+01
6.240050212192411294e+01
5.722804775406187616e+01
7.148396313673787006e+01
6.890919901795371061e+01
6.902262255572291849e+01
8.079539057660302603e+01
7.551244751629295138e+01
7.916074048722514078e+01
8.351579984919537480e+01
7.994611190431663772e+01
7.761549203998583835e+01
7.738437322728665890e+01
8.190678644153591392e+01
7.582669527133568010e+01
6.657659902757659154e+01
8.017505545130543965e+01
7.724561353905042438e+01
6.950439846842083114e+01
7.276988549846521437e+01
7.570386299577995715e+01
6.842548734921147968e+01
6.309202615819053506e+01
6.333195121569140440e+01
6.854927567398779331e+01
6.413975507904696371e+01
6.363247921735369772e+01
6.939236265520167990e+01
6.045717172176183141e+01
7.256865388195697619e+01
7.979033793462893698e+01
7.688383383058855713e+01
7.047044097558668341e+01
7.445837740051658216e+01
7.953439642393746567e+01
7.926264001188242503e+01
8.753263170917627178e+01
8.306282643932914311e+01
7.992217385686817011e+01
7.940600550212873543e+01
7.764086922276084124e+01
8.211221480055205291e+01
7.762613554676339334e+01
7.561822189202396771e+01
7.006009644420191762e+01
7.660465646774282789e+01
7.852155588386490592e+01
7.825081057106760341e+01
8.742240946173517102e+01
8.475008593540660229e+01
8.347401306583738290e+01
8.885109710719061127e+01
8.495716448491947403e+01
9.372293480901358009e+01
8.380585213532482669e+01
8.963872598031881012e+01
8.325493591586406694e+01
8.460839051661729115e+01
7.723562835676018778e+01
6.464505206437674190e+01
6.241736005113322960e+01
6.416917137138375438e+01
7.166257257135117698e+01
6.477960949905818211e+01
6.264549593238196223e+01
6.742232893504031210e+01
6.207036017896920299e+01
6.579961271438602921e+01
6.709971910162853703e+01
6.748600875787751363e+01
6.952353030181713223e+01
5.720970338162415914e+01
5.993118162804378102e+01
5.748720583702657194e+01
6.368158089784017761e+01
6.165042715214256930e+01
6.428215517730924944e+01
6.645356337173238614e+01
6.526711366727205643e+01
6.634645657401487995e+01
7.149623686914631548e+01
6.482841367774692287e+01
7.129998208369525514e+01
6.046235160287815802e+01
6.314878590025515592e+01
6.415290756256818838e+01
6.706170624277125114e+01
7.750260278352511989e+01
8.281926101075306690e+01
8.765637830227930749e+01
8.768727426894436405e+01
8.019736198441771080e+01
8.487004446165616400e+01
8.744612916509051104e+01
7.921247028273545254e+01
7.210723567762588004e+01
7.884380626427197569e+01
7.416131643116659689e+01
7.586352172026796836e+01
8.143017014281697641e+01
8.002285512814654567e+01
8.154841972666206118e+01
7.761835772540220546e+01
7.050407336194351160e+01
7.637830157364378181e+01
7.180674343731392639e+01
6.639341894957271961e+01
7.560832942016159564e+01
6.455593698388813095e+01
6.629096410808287487e+01
6.349001451893337133e+01
7.013739379456399092e+01
7.927598311017845845e+01
8.051817339179397948e+01
8.321278771465310342e+01
7.685899990170857166e+01
7.610074049203500124e+01
8.223140707435418051e+01
7.517291387358268651e+01
7.585820475469122925e+01
7.516715593249527672e+01
7.544324918030304161e+01
7.899076347993998581e+01
7.270003592341070942e+01
6.875744731140068211e+01
7.155071081377595021e+01
7.233881249090065069e+01
6.940958764799535174e+01
7.111481079450675225e+01
7.661125258986230335e+01
8.059812485165292628e+01
8.604550100024211190e+01
7.999536740616419195e+01
8.032310932009876581e+01
7.590874135141945089e+01
7.697697900240218871e+01
7.691043967400609915e+01
7.637329128739034445e+01
7.617582843097372347e+01
8.792570312221627660e+01
8.172957920752860161e+01
8.498510343506485754e+01
9.008325999943743057e+01
8.266467240118565485e+01
8.925243369494175738e+01
9.216608905203050028e+01
7.876778119829580760e+01
8.378783525839169499e+01
7.889860677481711093e+01
8.750720710123287915e+01
9.008378044345813862e+01
9.618621028633775438e+01
9.817665834465171315e+01
9.524667424923825365e+01
9.294375364228578462e+01
9.819781828239480603e+01
7.961632619429911983e+01
8.744456539467168454e+01
8.795558161472443715e+01
8.186009319177456689e+01
8.482192594396823893e+01
7.716049939759514587e+01
7.503019726736853556e+01
8.388969519551861254e+01
7.438700578688329301e+01
7.609039953387386390e+01
8.415955509102329302e+01
7.845734094959259153e+01
7.518375316615127701e+01
7.809394695091857841e+01
6.965195698273133473e+01
6.619858418261951272e+01
7.192839277193688474e+01
6.855256938888926754e+01
6.939233553146019062e+01
7.817352085903115722e+01
8.053877359865231256e+01
8.320101595827802043e+01
7.803481233836593844e+01
7.545974829132985917e+01
8.433217165618889055e+01
7.957240461379643648e+01
8.430125432839986388e+01
7.748641251709025823e+01
8.550740625567743791e+01
8.139820159939708333e+01
9.074684389393682693e+01
8.824734210731870121e+01
9.125032731477203640e+01
9.177128745613659078e+01
9.544735764489109897e+01
1.007446094519831234e+02
9.302982960768153475e+01
9.797938652062377685e+01
9.595758465738570919e+01
8.616323269791786288e+01
8.898679410846386872e+01
8.193929801610045160e+01
8.488169466379011396e+01
8.249957601379684036e+01
8.586308124585752921e+01
8.773022379196997633e+01
8.720748261940383372e+01
8.136036593126345906e+01
8.650858919783917145e+01
8.687165161936962932e+01
1.004530833107837964e+02
9.462266837550245668e+01
9.941180108443700192e+01
9.085595536111659953e+01
9.637845509802961885e+01
9.960336762640629615e+01
9.379808487992745825e+01
9.224237046128857287e+01
9.308514133642239585e+01
9.126623897403121077e+01
8.229437587960765654e+01
8.377263302804176703e+01
8.049306219212786573e+01
8.232086509566501320e+01
8.845332371283410566e+01
8.730548643445760604e+01
9.024501859860964714e+01
8.276028498590049765e+01
7.978177938139629077e+01
9.119416541062660997e+01
7.330751436768024121e+01
8.278816815605928525e+01
8.015896081226632930e+01
7.742632277992284173e+01
7.909431854697196229e+01
8.730539846924328629e+01
6.386985260895080785e+01
7.320304021411592998e+01
7.722285640512708937e+01
7.000750879024185735e+01
7.682204828868978552e+01
6.974524059610965310e+01
6.572536298051718973e+01
5.970092663568397739e+01
6.398385521420044597e+01
5.974905269275928532e+01
6.906039796952542531e+01
6.181254297122013952e+01
6.412684743393461417e+01
7.093527148235938284e+01
6.640347808785669770e+01
6.786639096782650427e+01
7.187953246281513486e+01
7.436784433116812920e+01
7.349096687110589698e+01
7.200934488068674000e+01
7.259307406005643770e+01
6.680908822640428468e+01
7.487453798688474649e+01
7.766507208252927796e+01
7.291096921919846352e+01
7.093775435963873122e+01
7.628873324263919642e+01
6.780610404055386198e+01
7.597036631116286287e+01
7.724237318587829293e+01
6.867608263299599969e+01
7.086687363152208263e+01
6.847893732348028095e+01
7.170888114933295299e+01
7.539147562942106617e+01
7.224592941493563103e+01
6.244293443046903036e+01
6.671183297845202276e+01
6.459172513084305933e+01
6.174697935136471472e+01
6.508828667636169030e+01
6.315378072733886938e+01
5.689094995058240301e+01
7.051033665530027861e+01
5.359877281122392390e+01
5.608586877388661662e+01
5.617087309952436414e+01
6.044295103518197720e+01
5.605936536898221334e+01
6.399829445626840396e+01
6.284264713681054104e+01
6.530588391457595776e+01
6.543300656439576812e+01
7.976493342942882236e+01
7.112177276459270558e+01
8.262132143711554022e+01
7.864723374656161070e+01
8.313620450041952381e+01
8.322479467849328216e+01
8.271113600569439939e+01
8.653226847037869618e+01
9.612015014484421727e+01
8.991824039529240054e+01
8.712525080991878212e+01
9.470911167065257530e+01
1.016921261857888652e+02
1.039086523218104929e+02
8.959582897405509527e+01
9.182655389143502589e+01
9.585566887142121573e+01
8.844739211687483760e+01
8.655957492584653323e+01
8.253808120007630578e+01
9.375572576068205422e+01
7.389339122877788668e+01
8.815581135338500474e+01
8.457716320275207522e+01
9.589590797842214442e+01
9.511332732196014206e+01
9.322900982680233994e+01
9.309711242459609082e+01
9.551626309418396943e+01
9.565306009439269985e+01
9.621448291013410881e+01
8.940108388417266383e+01
8.573160078972475162e+01
7.351886544983327099e+01
8.378923114229687030e+01
7.788850504184171086e+01
8.324397965609870198e+01
7.791067543244570004e+01
8.184512248779358856e+01
8.399800497641805919e+01
8.503095084748545673e+01
8.711111843258765930e+01
8.659468037907871008e+01
8.745265243872201211e+01
8.302504470398226033e+01
8.037874978037899609e+01
8.251644225855451964e+01
7.858002595626371090e+01
8.138846645300007765e+01
8.213421495470910827e+01
7.977252520880225006e+01
8.284074796712950217e+01
7.517317496522191789e+01
7.364323178588387009e+01
6.899422759425610252e+01
6.623595059364581061e+01
7.520390407033400493e+01
7.578279692678307811e+01
8.322062054335550840e+01
8.319255074766897451e+01
8.120864301167854649e+01
9.145133458181494746e+01
8.596645497411441283e+01
7.351850184079366102e+01
7.966080774321649471e+01
8.400683542942593363e+01
6.462623187736193131e+01
6.745781171669739251e+01
7.705296643789213817e+01
7.303658582198637816e+01
8.454315211653198503e+01
9.032678147531309776e+01
9.138450253814892221e+01
9.025559464298824253e+01
8.045554600471746198e+01
7.238510135911347732e+01
7.833346685204303128e+01
8.661315160029074889e+01
7.620183456423377777e+01
8.931506548027255121e+01
8.004299165476034261e+01
9.131085677337826212e+01
9.076548923232877542e+01
9.029488572142024339e+01
8.676386864922544362e+01
8.801622533878318677e+01
8.274145274521002591e+01
9.694034766615190790e+01
8.603719137294393704e+01
8.536375402698968173e+01
9.254740951309487684e+01
9.330989242192603683e+01
8.942921467098378230e+01
8.525304939879890753e+01
8.324240013908095648e+01
8.473330056341642091e+01
8.138516042102801862e+01
8.284290035282722897e+01
8.123944863031189811e+01
7.976645467945230905e+01
8.493447457940143863e+01
7.230975635644961130e+01
8.230643611769122003e+01
7.598083260978144438e+01
7.809796744056187379e+01
8.403582542191527693e+01
7.665998285575935256e+01
6.853717409733513932e+01
7.205588754607549618e+01
6.635420821743591091e+01
6.732072352965582240e+01
7.186090467764738321e+01
6.538861045257360161e+01
5.958593292764582827e+01
5.817894439031384479e+01
5.920785203798595830e+01
5.366533734451453341e+01
6.012593522375367172e+01
6.337897068380679144e+01
6.976936659170858945e+01
6.800534704219700188e+01
6.647658130980842373e+01
6.572213380042667552e+01
6.327175804980565488e+01
6.676848957146934538e+01
6.181206612763002539e+01
7.183711007113591052e+01
7.041845638370790539e+01
6.639282351630583889e+01
6.121213640869213890e+01
6.659597490674983078e+01
7.227856645056540685e+01
8.255839791943382977e+01
7.602810568721518791e+01
7.614594517459822498e+01
7.993625469916703707e+01
8.116074737472034428e+01
7.559545995470143964e+01
6.941846344274298986e+01
6.430122771530797365e+01
6.870716088536261168e+01
6.967375263139773267e+01
6.829160283618402616e+01
6.483342776550352937e+01
6.298220313179096763e+01
5.497455549840838529e+01
6.140153850209078712e+01
7.016005809723927200e+01
6.063513530200562229e+01
6.573419590147669567e+01
7.710933242948695465e+01
6.522947640861676177e+01
6.390802698505869728e+01
6.747494920140165675e+01
5.883799355989837920e+01
6.437384541224469103e+01
6.353566162399310713e+01
4.738842144189094796e+01
5.316099745906446117e+01
4.170997983646101659e+01
4.054279140245145641e+01
3.943910896657497744e+01
5.433793776728556679e+01
4.391900427384914707e+01
4.120833948130137969e+01
3.784867545598609695e+01
4.990246757286274715e+01
5.303915383984872278e+01
4.417307595170599654e+01
4.528280011675848016e+01
4.379057575613119013e+01
4.887663975079217238e+01
4.507045929940289142e+01
4.185637745149520583e+01
4.387953119226095566e+01
3.940515180240882387e+01
3.367022431285543860e+01
3.031553198720974507e+01
2.788371713838674992e+01
3.710706620953475010e+01
2.487782303344875245e+01
2.347823036889134585e+01
3.529831141252988402e+01
3.230252779415783948e+01
2.821075806653855267e+01
3.113492393544784065e+01
3.493891322398022226e+01
3.980062693247454320e+01
3.046533151712319665e+01
3.021717269207089984e+01
2.770884470488652696e+01
3.384501669571645266e+01
3.214345018760329253e+01
3.152175487207751914e+01
3.665186634574300228e+01
3.301875626075946712e+01
3.054568257953977195e+01
2.325848664960138734e+01
2.503487266060417227e+01
2.294923870235452767e+01
1.963426260181316252e+01
2.796588829694951528e+01
3.546063680216178682e+01
3.368694811171857850e+01
3.547480351569968349e+01
3.698463347006995150e+01
3.096481849343761539e+01
3.853264910957944522e+01
3.367062120277610404e+01
4.688491487934717128e+01
4.397911646924874418e+01
4.384111327904411581e+01
4.428498987196808656e+01
4.562366418570321258e+01
4.011440895217339175e+01
4.068208540618778812e+01
4.588908311651435667e+01
4.507767929932300888e+01
3.624589193314913871e+01
3.885641292621436094e+01
5.284690097844721635e+01
3.369041140048803129e+01
4.445151718134135166e+01
4.233843532538500654e+01
4.654471924921294601e+01
4.059814786107452278e+01
5.692917009031260278e+01
5.933892739928291604e+01
4.921396860337526391e+01
5.937962291454875441e+01
6.974829866297336878e+01
7.161506981790093107e+01
7.169817689052646870e+01
6.360484785425631316e+01
6.803960498727698791e+01
6.580218860652065871e+01
7.022455804778132915e+01
7.316404121174248587e+01
7.311988881425708087e+01
6.351868298303826776e+01
6.880302013901474822e+01
7.214818360210557557e+01
8.243879243155832626e+01
7.055012930274776295e+01
6.948938433997177810e+01
5.858028518973524257e+01
5.560387314065784636e+01
5.549406803248086106e+01
4.618992744305521114e+01
5.159389186697186602e+01
5.032498116213048434e+01
4.469820371602217790e+01
5.224691748778195688e+01
4.548408130554550866e+01
4.830452601499465715e+01
4.802277916460442242e+01
4.753585159738519650e+01
4.941856331645279710e+01
5.445188108409993077e+01
5.912510960116122760e+01
5.896252854729986126e+01
6.098945226939122932e+01
4.593776482808710426e+01
4.741352666324423382e+01
4.778288704638717377e+01
5.792416137182282654e+01
4.987105440708815962e+01
6.729250808044200483e+01
6.691546835363220680e+01
7.901276076055923170e+01
7.897898695031375382e+01
7.296745880297753217e+01
7.007802426109537919e+01
7.394936964795431322e+01
7.044135932390395283e+01
6.364733204372650732e+01
7.110052741847404434e+01
7.384484714869670086e+01
7.375650500896374240e+01
7.813175298184025053e+01
8.427300814062121503e+01
8.114064374324213702e+01
8.053824637576448708e+01
6.667845261133292922e+01
6.527397264464431714e+01
7.092481514538896192e+01
7.274975266518028150e+01
7.323407894750758373e+01
8.510469699253067688e+01
8.154144518917199491e+01
8.389223419380026314e+01
8.362836367898822232e+01
9.114580951157982724e+01
8.347422100088826369e+01
8.648824131509039148e+01
8.427725261314461136e+01
8.063617585669391019e+01
7.896204002695313307e+01
8.920456507403471846e+01
8.536655858163115340e+01
8.597859513080415184e+01
8.941713446724169501e+01
9.053993728529221130e+01
9.447184863794632292e+01
9.809325514917223643e+01
9.935179727158141816e+01
9.525881737056546683e+01
1.013037212444126567e+02
1.011067947662492656e+02
1.044169724694880728e+02
1.133428154859413439e+02
1.072168670852094152e+02
1.118711103343122204e+02
1.138465312093476030e+02
1.129682609750398399e+02
1.198291258190652115e+02
1.135735243646091845e+02
1.111021162816495007e+02
1.247495626561626239e+02
1.123032706285126778e+02
1.083327970329289371e+02
1.102189701111601607e+02
9.912413269884409317e+01
1.002775960909365551e+02
1.007789659592058769e+02
1.005444957636230328e+02
1.057203500095631910e+02
1.011847364003134260e+02
1.020334631328651227e+02
1.020462170778807263e+02
9.654391863582526412e+01
1.042236915728913971e+02
9.986555372784704332e+01
9.702910842276934034e+01
8.691433230697344925e+01
8.700333236977817819e+01
9.167174831897420972e+01
8.638525359403070070e+01
9.187471142892555065e+01
8.968473231113127042e+01
9.506571316935308857e+01
8.385928042977187147e+01
8.688305332520336322e+01
8.935078555060944439e+01
9.463988844084556717e+01
9.155959272194812115e+01
8.396678076524783307e+01
8.884638215348888934e+01
9.605481002228373200e+01
8.453928585791464911e+01
9.211429184127368330e+01
8.151794430127822011e+01
8.384009178708468824e+01
7.988284009969953559e+01
8.784439584302202775e+01
9.117567693406616058e+01
9.636072574738825836e+01
9.114500920428130826e+01
9.405713988317603480e+01
9.869190950497080905e+01
9.886871598218957047e+01
1.001104949277490590e+02
1.048818535358805946e+02
9.965644808051663972e+01
1.042903086314985330e+02
9.820905900292630974e+01
9.351269474028356399e+01
9.995294543268835241e+01
8.860704888511820343e+01
1.045571434452340043e+02
1.101325929872916873e+02
1.072086195090147953e+02
1.066185926402651489e+02
1.125120688467794281e+02
1.165854497781043051e+02
1.203561260635398753e+02
1.130654020942058509e+02
1.154334876464751716e+02
1.115369790928392604e+02
1.105827369900223687e+02
9.309149897840420351e+01
1.002283859377260029e+02
1.034847161863015117e+02
1.019824418357479203e+02
1.033832201595241003e+02
1.063629248380799339e+02
1.113489238330987092e+02
1.151632569660705911e+02
1.106136929060057383e+02
1.172481470319613948e+02
1.112457450485956514e+02
1.043378759905787092e+02
1.111753719736211679e+02
1.151163009201530940e+02
1.164671666703694228e+02
1.193111500333816650e+02
1.230989585151169052e+02
1.334003164264327950e+02
1.355107947954419103e+02
1.300355091808566499e+02
1.350240570748971436e+02
1.323120462620256035e+02
1.361376843079911509e+02
1.385557554928083164e+02
1.392336525793287763e+02
1.308074777177515671e+02
1.287023749090799356e+02
1.328370130330528980e+02
1.360704665413879297e+02
1.418660368488781103e+02
1.388094741972016379e+02
1.306604916257445552e+02
1.221710220746338678e+02
1.295213123957165067e+02
1.289889247863053185e+02
1.273211896628133672e+02
1.355230208924820658e+02
1.334478143942510826e+02
1.352102572413414805e+02
1.290973093278735462e+02
1.247489339227954730e+02
1.232489290173357972e+02
1.255260416326002257e+02
1.220880125111051768e+02
1.193756318292649041e+02
1.187891530773285922e+02
1.155087860947146794e+02
1.177542195232434210e+02
1.115124877703548663e+02
1.202316137473259516e+02
1.163664464315366587e+02
1.182650299213070042e+02
1.273109468935581532e+02
1.203164754115825161e+02
1.147839428252425336e+02
1.066024356891049223e+02
1.050029955271611186e+02
1.095443851400310393e+02
1.108427546042182996e+02
1.180266039818755957e+02
1.240855373020288823e+02
1.190709514635655353e+02
1.116053241484404737e+02
1.186044021249437606e+02
1.192957925672274939e+02
1.242597917235509470e+02
1.198194700992426363e+02
1.257304088620146985e+02
1.279230060496812342e+02
1.213817361696517736e+02
1.173197553599180765e+02
1.297834573839695054e+02
1.304905595798243212e+02
1.258084002169701421e+02
1.244129976089649716e+02
1.151147205612445106e+02
1.245860002300763227e+02
1.229000984773034446e+02
1.204552594424237810e+02
1.234416933963644141e+02
1.155556987489384682e+02
1.218089528819284908e+02
1.152934890131712677e+02
1.258780983366873443e+02
1.227570575444571688e+02
1.226763075292060847e+02
1.311059695403618264e+02
1.254846994640585223e+02
1.320618171768071818e+02
1.169499832685192899e+02
1.280001052967113822e+02
1.325538111338828742e+02
1.330391173534177653e+02
1.302173979337855769e+02
1.359364231336471107e+02
1.337524374404317200e+02
1.373254970959800687e+02
1.313562852631352484e+02
1.325904976337921539e+02
1.316889920967021226e+02
1.369853585694544336e+02
1.217332876707966847e+02
1.286374904887512116e+02
1.308932451213361219e+02
1.349994565611941653e+02
1.283275042856808739e+02
1.363637931879934229e+02
1.281987812209811182e+02
1.337845931717499468e+02
1.352392658860231336e+02
1.307330173015117794e+02
1.252882298759881792e+02
1.228532108195025927e+02
1.247516437646481364e+02
1.210086232016401482e+02
1.138249932850416997e+02
1.125796819685386936e+02
1.164990087285748643e+02
1.217805934412031945e+02
1.204791951544340805e+02
1.245943212440927113e+02
1.253849917711825555e+02
1.214026314304061742e+02
1.194894210011024711e+02
1.320851824725754682e+02
1.425299637325525737e+02
1.416928540289184468e+02
1.432845047866593973e+02
1.456146489024560822e+02
1.464487059668973643e+02
1.373659546978030050e+02
1.383245352684912461e+02
1.331911112257633079e+02
1.397010258458549572e+02
1.365909713504189540e+02
1.301594409650164152e+02
1.145448914815587784e+02
1.195130256426956663e+02
1.125227478034448438e+02
1.113763834357487923e+02
1.106669993177988545e+02
1.125274653287704894e+02
1.068750905544323047e+02
1.100404805554325094e+02
1.061774343252267130e+02
1.146479477714965753e+02
1.161940316688346968e+02
1.138540161401135293e+02
1.115958279181832040e+02
1.122385694929742925e+02
1.137150074185529434e+02
1.120585685188036251e+02
1.039780438667492888e+02
1.064989705113646465e+02
1.075223861705622568e+02
1.075487115735944172e+02
1.024922072547139607e+02
1.133238905560734082e+02
1.224515906527473703e+02
1.120869803408264431e+02
1.113953610071895923e+02
1.132953198176427065e+02
1.169969894033004749e+02
1.179357298546492387e+02
1.147554882757997206e+02
1.181284941090468692e+02
1.157798360937359661e+02
1.110726898626824237e+02
1.168495033811480539e+02
1.199814993240110823e+02
1.286414874688308885e+02
1.229307546575453927e+02
1.216845487464355671e+02
1.156449660440894576e+02
1.162244074091099719e+02
1.125321602563128778e+02
1.158340214073742516e+02
1.177176501502429460e+02
1.063396034743511365e+02
1.086422577380807581e+02
1.147622691753605864e+02
1.045524966344955686e+02
1.048844353069440984e+02
1.010472817625099822e+02
1.025093094700968805e+02
1.048907399212156974e+02
1.082650566563540480e+02
9.901273912485090989e+01
1.025180054855071177e+02
9.158130096594769043e+01
9.476204571859111070e+01
9.870952331924411283e+01
1.010205066634139399e+02
9.418791601604308994e+01
1.008894511680230295e+02
1.136324674584495114e+02
1.089046218849517658e+02
1.090682946877654871e+02
1.150105330281028557e+02
1.111869680447948951e+02
1.057925961749000265e+02
1.067020216170616180e+02
1.110391662535485438e+02
1.134401931909505521e+02
1.072820916528369537e+02
9.917577780673455834e+01
1.033992728548398929e+02
1.108763260344259152e+02
1.101018263414039922e+02
1.046979619546829525e+02
1.102921402144953902e+02
1.039723307069821630e+02
1.146394638570009903e+02
1.107258255377550711e+02
1.052843442762013950e+02
1.085346567110978242e+02
1.023282724039043075e+02
1.025744180595350485e+02
1.038794696575689187e+02
9.521244068555689921e+01
8.529021678182226651e+01
8.287861848262957665e+01
8.639419611493495665e+01
8.503448712736310711e+01
8.318239085975447722e+01
8.531759479946526881e+01
9.645263217484391305e+01
1.010442713162775874e+02
8.953344888305429095e+01
8.763537332348236930e+01
8.462242260785444614e+01
8.737415405472853536e+01
9.001756270590709619e+01
9.712035698097355407e+01
9.581372751816003586e+01
9.446227902989461711e+01
9.564768760081300059e+01
9.199381370066366514e+01
7.788363419526775999e+01
8.600369522141888012e+01
8.807634861306082996e+01
8.272614896743543511e+01
9.351157427474930728e+01
9.230346227018058869e+01
9.179672732389526857e+01
9.249454879730390644e+01
8.634173870341902557e+01
8.118042253575030998e+01
8.784111628996956256e+01
9.958872243298677063e+01
9.598019757661401741e+01
9.214890875932327674e+01
9.242001935986765204e+01
8.942665809099501928e+01
9.144667950244200938e+01
8.671069014795493501e+01
8.495873994079137503e+01
7.481319658848354948e+01
7.835624702130868968e+01
7.526513420289313672e+01
7.740633228198403515e+01
7.858687397126502105e+01
8.183601013403227853e+01
7.772940149076059413e+01
8.137750085146491585e+01
7.360651864873446470e+01
7.673368385326644159e+01
6.667245199504770881e+01
6.489552838072073371e+01
7.116362107229770118e+01
6.942515474260986252e+01
7.654781890408922607e+01
7.246505364161471618e+01
7.674844775495512295e+01
7.068330482274927817e+01
7.498342203128358108e+01
6.544185547975163786e+01
5.620900449847072622e+01
6.083286449204362611e+01
7.268410229447557924e+01
6.776678660748649463e+01
7.745035118159428578e+01
7.479069004498475692e+01
7.732452477335917251e+01
7.618136885057475638e+01
7.322399981883330611e+01
7.543130437468684590e+01
7.126138024324984599e+01
7.109436630837357995e+01
7.004429234071200483e+01
7.202466981867793550e+01
6.680312498396729382e+01
7.602262637513712207e+01
7.611177691262751921e+01
7.314880485060437820e+01
7.495007726358477385e+01
7.179229020419491292e+01
8.644768832230043643e+01
7.607964139234383083e+01
7.176324317372409212e+01
7.095461548735333679e+01
7.118561952682362914e+01
7.610364336429142895e+01
7.547630735864392193e+01
8.584040027973948384e+01
8.490458493303154341e+01
8.116168249702140258e+01
8.327234780711233952e+01
9.379439393491888666e+01
9.380700130748618903e+01
9.440915358383780642e+01
9.674189714047899713e+01
9.400866410345113877e+01
9.240658591851182280e+01
9.072402261046819660e+01
9.069968710152876668e+01
7.939943319449191961e+01
7.940883366027870238e+01
7.762287973013502551e+01
7.492509084821853094e+01
7.584711127179758705e+01
7.634677493681130045e+01
7.271324595548331615e+01
7.386750910146272986e+01
7.587510958100631342e+01
7.089821108091335589e+01
7.243567049607216290e+01
6.829854509076146485e+01
6.760728701755476777e+01
6.446722225893883262e+01
6.500796479550739093e+01
6.372863668062543496e+01
6.375779551613795348e+01
5.990510210620915643e+01
5.134918664504206021e+01
5.110351988736820061e+01
5.539009988168601950e+01
5.195753541295911049e+01
4.913061446808238486e+01
5.465825877055881676e+01
5.909271636856293242e+01
5.740293243115183941e+01
5.960606189918770781e+01
5.667513266146707451e+01
5.669195148319037258e+01
6.626204396383934636e+01
5.883661414278734014e+01
6.303793821917449236e+01
6.074316370768332973e+01
6.696319850522138495e+01
5.909075651746614000e+01
6.686685143850098711e+01
6.045554752497299944e+01
5.695250243018519143e+01
6.127670882071235070e+01
7.347462960719106206e+01
7.218532841746443296e+01
8.303361526768715350e+01
8.187470899834609384e+01
8.230428753616631354e+01
8.491996703711028260e+01
6.819889417936282427e+01
6.538177871176235101e+01
6.127216644715726801e+01
5.490784916798860849e+01
5.374157097229246460e+01
6.599214816958586027e+01
7.016947557644557776e+01
7.083467410055580160e+01
7.089763007155718810e+01
6.978725775016796717e+01
7.339358586248320648e+01
6.782811660198250081e+01
7.511978817315859658e+01
7.934275489748618782e+01
7.321556695342017917e+01
7.511204118403622942e+01
7.490601507088059918e+01
7.473493971518480805e+01
6.857800782173774223e+01
7.439998871064895525e+01
7.178605164397443161e+01
7.369298812875327087e+01
7.086199080680222551e+01
7.073458312929203373e+01
6.811446940595293142e+01
7.011949459125047213e+01
7.101187856212980876e+01
7.604315805562247021e+01
7.116770448563843843e+01
6.958284318106595379e+01
6.277446834594103109e+01
6.633265930719475989e+01
6.106863830619258948e+01
6.080345554606267200e+01
5.428259686360451752e+01
5.658499144420705562e+01
5.746184431584575236e+01
6.213295530925811505e+01
6.487895244808419193e+01
6.108260240148575804e+01
6.488675362309483319e+01
6.753009328629602237e+01
6.891345342891536063e+01
8.119125638222405428e+01
7.746478597340562544e+01
6.797883151249074274e+01
6.852052039160049901e+01
6.188919933968643505e+01
5.717417740869084497e+01
6.309857337457366100e+01
6.863753981060145293e+01
6.053918665333656435e+01
5.985943186872622590e+01
6.752051086360083332e+01
6.024436616501300534e+01
5.951655926172645650e+01
5.505704001596770070e+01
5.838150368006016322e+01
6.041113714553948455e+01
5.463040565774156221e+01
6.538587159887572398e+01
7.214791598201298939e+01
6.171682521068346716e+01
5.825923592527480821e+01
5.901274615702484283e+01
6.077439958738887071e+01
6.467709408497279355e+01
6.533877675744069791e+01
6.790035376458513383e+01
8.510172337044882340e+01
6.968989326362715531e+01
7.550149409661764821e+01
7.282195649001099014e+01
7.822529684282071116e+01
7.495657907757579608e+01
7.276359265576196833e+01
6.991155321545905110e+01
5.999574846060145461e+01
6.169117792580087212e+01
5.807167815655884624e+01
6.925179923516824942e+01
7.274263033186520033e+01
7.355352871792952385e+01
7.638668936527496101e+01
7.719865264245558478e+01
6.394748916715273879e+01
7.674246558160629661e+01
6.884415944629785145e+01
6.735889208203515466e+01
7.671544305460042779e+01
7.900722109853211350e+01
8.015028172726948696e+01
8.259441791931797638e+01
7.403257639767383580e+01
7.800691321501336972e+01
7.034051903157761387e+01
6.430946342043310437e+01
6.185377862871570898e+01
6.622585071986222260e+01
5.996936815062112203e+01
5.571822873361258388e+01
5.516068017899955578e+01
5.676741270150996144e+01
5.189200512585849623e+01
4.702443459464186759e+01
4.206945924838662165e+01
3.815110649806383236e+01
3.721527412317262673e+01
4.065763834504068797e+01
4.144838270708523709e+01
4.101884433010098263e+01
4.102587619008590991e+01
3.777251393221590803e+01
3.988464302413515128e+01
2.741286936943816244e+01
2.885118720294277495e+01
2.961512030114855776e+01
2.852419901409998815e+01
3.639402265629403388e+01
4.855203233913314875e+01
4.454985981323849131e+01
4.933755657806958794e+01
4.463448353033684413e+01
4.512222230103127885e+01
4.870517325641804263e+01
4.545392529808236048e+01
4.816805692083212165e+01
4.646981285641594184e+01
4.607184420567867988e+01
4.512089198439127102e+01
4.220611532524110032e+01
4.311170249933914533e+01
4.273888528783346175e+01
3.873808884054748347e+01
4.164067798603434767e+01
3.229710099100909559e+01
3.582898378992977939e+01
3.822087630694161220e+01
3.708531895909683129e+01
3.749781655927064605e+01
3.834877606069142075e+01
3.815161072290689503e+01
3.909953909531716221e+01
3.372828326051097747e+01
3.960102091011417969e+01
3.980140660299613131e+01
4.871104255505834146e+01
4.994763014773226928e+01
4.584285751389843711e+01
3.842218062906573550e+01
3.256587121780048477e+01
2.634096134726616967e+01
2.163251107404860818e+01
2.718106164936572355e+01
2.473564837338295774e+01
2.943304083477741884e+01
3.638077272309612198e+01
3.953211109516966104e+01
3.847347942600138282e+01
3.394010754522799544e+01
4.384495975948760815e+01
3.929601102391933409e+01
4.038687499481569887e+01
4.392499497885753357e+01
4.001838529680492940e+01
3.985258405006326399e+01
3.598970474774169759e+01
3.416974248653586699e+01
3.388792352218984405e+01
3.521903625044675579e+01
3.860630763902031504e+01
2.571350200321147739e+01
3.378632035445114212e+01
4.029789539088949368e+01
3.110662639184987910e+01
3.563839405310135788e+01
3.722199287458869321e+01
3.432363073998558889e+01
2.988522755518206608e+01
3.134811151638713156e+01
3.363012886162005088e+01
3.137199965136484892e+01
4.200852984090901288e+01
3.534792135643200339e+01
4.345678295938310498e+01
3.797773017421179276e+01
3.939728880727370353e+01
4.429090704081654195e+01
4.572033888818523906e+01
4.692100505578518010e+01
5.250126260658787913e+01
5.169241679226735897e+01
5.221173651716731712e+01
6.166774677530654714e+01
6.321164184969491373e+01
6.961123048308654404e+01
7.767844576103726695e+01
7.176863331111550792e+01
6.750448550063491382e+01
7.263116410729865891e+01
7.964022840818856253e+01
6.872881184466504578e+01
7.029936452749458908e+01
7.054358702631500933e+01
6.937712575704367168e+01
6.981845558708702981e+01
7.680816782140331611e+01
6.825356135931761514e+01
6.322211129987234557e+01
6.270828672063578324e+01
6.459259792461968175e+01
6.928333535491978523e+01
5.976319385280573471e+01
6.332767823542333474e+01
7.012465700176670680e+01
7.214936080129187701e+01
5.751220762299929135e+01
6.244508016695020558e+01
6.859371802231764548e+01
5.386581749581052492e+01
6.539087997037766797e+01
6.566879195861420726e+01
5.606495885265305645e+01
5.763704803562760048e+01
4.418056901701619665e+01
4.797548850260077558e+01
5.067982150454346879e+01
4.376729863917029917e+01
4.050775364868749051e+01
3.487307528245411703e+01
3.826081771969716527e+01
3.532075899765476379e+01
4.153039180530265639e+01
4.908911996617788986e+01
4.592104825577144567e+01
4.937682342957123893e+01
4.627983360061438844e+01
4.515139630254657988e+01
4.364217116126577167e+01
4.058396927776418295e+01
4.113144993864757026e+01
3.864186924225176512e+01
4.624519436724917654e+01
4.619562354762246059e+01
4.660380048800302433e+01
5.521503937419266350e+01
5.646563761309161578e+01
5.742180280311454510e+01
5.680348646596829809e+01
5.261811852065172701e+01
5.788756851932720338e+01
6.415690816717739153e+01
6.229074141074850246e+01
6.395470141872318948e+01
7.016202749000454730e+01
6.337168024535403532e+01
6.977752268120892154e+01
6.611083827852846184e+01
6.735573849275181146e+01
6.708439382445810395e+01
6.484823892549701441e+01
6.705718740568943304e+01
6.891654431120994673e+01
6.222289433005086323e+01
6.711290526756593522e+01
6.994129936949670423e+01
7.509177603213575480e+01
7.285733254068681219e+01
6.959117530686803832e+01
6.386496890994344966e+01
6.180034406472248776e+01
5.870900035356559954e+01
6.824523819937402891e+01
6.858462670580669851e+01
7.027855224827177949e+01
7.352342327008385325e+01
7.134222914035628094e+01
7.227994827646459441e+01
7.196216990940553160e+01
6.487086479480414880e+01
5.777613164415583924e+01
5.624705597923266254e+01
5.580598064756435406e+01
5.971844048594648768e+01
6.219505467115089914e+01
6.584672576293587554e+01
6.767550176747910484e+01
7.206197941212003855e+01
6.406374166406102688e+01
6.576300319617348578e+01
6.897489158366630591e+01
7.007899594029761658e+01
6.869038324404846207e+01
6.721133961415509361e+01
7.119952077474484042e+01
7.230759443838019251e+01
6.930607288899983587e+01
5.630788308778675599e+01
6.030924452852894291e+01
5.872918474813830869e+01
5.835611322635897125e+01
5.423526249814102584e+01
5.354675490912998015e+01
5.603909282610779030e+01
5.630328864631243135e+01
5.057401620656859365e+01
4.558191718876454246e+01
4.778184591491185529e+01
4.882468083389262148e+01
4.881251781623303287e+01
4.788732265816177858e+01
4.271596083179550618e+01
3.760608501835716311e+01
4.043005490155010762e+01
4.308457642620827244e+01
4.855683477973261830e+01
5.142781026233487296e+01
4.829204696069083980e+01
5.503385872496678388e+01
4.378591518538080152e+01
4.881539901499765222e+01
4.374781649230403957e+01
4.168051027720748181e+01
3.459973255806375647e+01
4.021686682036141747e+01
4.026236485929926090e+01
4.205905383752081406e+01
5.504142070674863874e+01
5.153647810496936188e+01
5.103075938997215388e+01
5.348721065377952755e+01
6.103285229236939102e+01
6.319042933567148879e+01
5.406653852983892961e+01
5.904259759333741897e+01
4.650009252399828341e+01
5.346017423541331226e+01
5.583202784046424227e+01
5.676131571359510986e+01
5.801942643428057522e+01
6.132112871165795553e+01
5.907278271784865353e+01
6.068855678637180517e+01
6.119320892712437399e+01
6.324162984009451094e+01
6.889022422016836344e+01
5.602866652406829928e+01
6.538338490458889396e+01
6.582951084678317955e+01
7.215471114013838871e+01
6.771807493917434329e+01
7.627484979238973040e+01
6.744257672162939343e+01
6.797850851075490652e+01
6.939926431547004881e+01
6.589740094943692839e+01
6.325244064926116749e+01
6.271021958688280051e+01
6.401507506820755111e+01
6.630727180347206229e+01
6.651045552654214532e+01
6.947036599296292536e+01
5.978784339192397823e+01
6.368281823610711001e+01
5.797900833358128381e+01
6.167141425354044770e+01
5.774738873871995537e+01
5.826461963428707236e+01
6.148579061629170894e+01
5.778726084093037940e+01
6.211691001408515689e+01
6.614819270765910630e+01
6.417650385297886828e+01
6.875830898041805028e+01
6.962966083211210844e+01
7.275519558815140897e+01
7.596754609080554133e+01
7.681537220411895817e+01
6.868813031583427176e+01
7.090137883483822634e+01
7.168791481880295180e+01
6.464371444856887194e+01
7.313593998109475081e+01
8.469533343613056786e+01
7.898141703629850952e+01
7.885878220471413158e+01
7.809654019409715886e+01
7.664026860502080751e+01
8.030199305205238147e+01
7.874409339008506947e+01
8.003030929600657828e+01
7.736395828452069168e+01
8.522666759992267771e+01
7.353285186159018849e+01
6.435511157663174231e+01
7.186945109706333312e+01
6.963416170514376802e+01
7.017447230000422564e+01
7.651737968736128437e+01
6.513218703657562969e+01
8.507307948971815392e+01
8.072275621125842804e+01
7.626857060772233865e+01
7.931859837150341264e+01
8.390895874632934692e+01
8.136115901211439905e+01
7.995337383592244862e+01
8.674460989620369844e+01
8.535418929157256684e+01
9.632461886206651513e+01
9.277849247334512484e+01
9.437935596669464644e+01
9.810607930553092615e+01
9.152092543558219973e+01
1.013748643347589962e+02
9.659464672766169713e+01
9.789781904342510188e+01
9.268603341013903218e+01
9.159379677396582053e+01
9.336285953872607024e+01
8.923176406083754841e+01
8.998536361267069594e+01
9.304808622638250881e+01
9.441938042019280886e+01
9.598876289965853914e+01
9.028667123186377808e+01
9.692126095252291407e+01
9.648181700802973637e+01
1.016518371555365263e+02
9.804811078664825175e+01
1.007138186228606287e+02
1.064545613163645612e+02
9.795762197602735455e+01
1.041585195922598501e+02
9.790761271729377313e+01
1.074339846545202448e+02
1.003932894981906685e+02
1.025325508458460320e+02
1.046196762211225177e+02
1.113281375119691603e+02
1.131480805583719018e+02
1.017805554891659909e+02
1.056312660070510105e+02
1.034043724030290861e+02
1.043139960184294068e+02
1.103512962275399332e+02
1.016005895130694796e+02
1.013660552587950718e+02
1.041233480927115522e+02
1.015706310043587308e+02
1.007248698857727334e+02
9.136542577886315541e+01
8.866901851907924481e+01
8.805513625395143151e+01
8.454601086656739994e+01
8.624611305748999257e+01
8.678967290181205385e+01
9.236740526567096765e+01
8.426469979867844984e+01
9.060578785400966240e+01
7.525357156124248093e+01
8.067492989348232868e+01
8.890284479241050519e+01
8.818698665412271964e+01
9.099622016922471346e+01
9.510670784384177523e+01
9.546528690924311888e+01
8.568489036418746707e+01
9.274170556442827262e+01
9.099094439923753441e+01
8.665259199684049918e+01
8.247857375931532431e+01
8.348035387799298235e+01
8.697577499337000972e+01
7.983410675435148107e+01
7.464532348613913371e+01
7.856133620825049491e+01
7.808693261448159717e+01
7.430854061118273535e+01
8.104385419261231505e+01
8.220585728655925095e+01
7.794444584897669870e+01
9.011701332034731138e+01
9.700046767706930950e+01
9.818336499665667816e+01
9.466509199437621191e+01
1.019373665943538469e+02
9.919317850229839451e+01
9.919291905431178691e+01
9.622467696905734158e+01
1.028404887374187808e+02
1.045613537208028561e+02
1.113085117789725729e+02
1.058053409833238874e+02
1.119499838706593238e+02
1.107788821786099618e+02
1.019026244154102869e+02
1.019543181372607705e+02
1.040850542827072474e+02
1.022307266632049902e+02
1.015237447002138254e+02
1.003357388366491421e+02
1.045920371113393941e+02
1.062983440898866974e+02
9.844376867315666857e+01
1.004095727254309764e+02
1.024766667025112099e+02
1.006668606846843232e+02
9.480176831713424690e+01
9.339777456780228704e+01
8.529148159420847719e+01
9.247444729348414683e+01
1.042025387551233990e+02
9.712462506838082277e+01
9.585002102261255175e+01
1.028260539580625021e+02
9.967127752635546756e+01
9.969837522924220252e+01
9.833609831938976242e+01
9.558035286139454456e+01
9.726677638382562918e+01
1.025883821753626961e+02
9.708629452643944546e+01
9.876024895443923413e+01
1.084463711498454330e+02
1.086965457640451547e+02
9.755916668910272449e+01
1.028616244574170651e+02
1.008884091246098507e+02
1.148361456546353594e+02
1.158672039664466809e+02
1.116050596410785971e+02
1.242560393356882003e+02
1.198757609327160623e+02
1.197360508991145736e+02
1.271295428633683002e+02
1.206210767985225658e+02
1.221157595910098053e+02
1.153611478727828370e+02
1.214363430817555098e+02
1.212210787314011782e+02
1.167793264415253418e+02
1.257669140105440988e+02
1.162791092382082354e+02
1.225817392668093504e+02
1.205397857927871854e+02
1.205973154012019535e+02
1.152240830086811911e+02
1.156441431993678322e+02
1.238795827201340671e+02
1.174589876342674586e+02
1.179164261726750880e+02
1.204405478591302483e+02
1.206535829965417008e+02
1.168460193496447914e+02
1.101464081853144279e+02
1.093748836804615223e+02
1.095801106071122319e+02
1.013938760948621223e+02
1.011724625685185259e+02
1.108559514736548266e+02
1.113086701668706837e+02
1.120557890402100867e+02
1.054201064632684250e+02
9.878328475985611590e+01
1.027327026320481451e+02
1.058806647889403934e+02
1.068758284627351145e+02
1.003566004999758690e+02
1.029149120252722440e+02
1.019345481893428627e+02
1.019234968309016267e+02
1.006221337066253199e+02
9.392645975946945214e+01
9.354015876906109384e+01
9.826995370728003820e+01
1.024799980417386678e+02
1.041657089308180986e+02
1.003165249226812676e+02
1.073630841427824976e+02
8.993293983890285404e+01
9.714856667102567656e+01
1.010210336558104842e+02
9.800573781733783107e+01
1.014129462082078845e+02
1.002398448043174710e+02
1.054828345852811111e+02
1.066756083042758405e+02
1.108836286339877262e+02
1.070086931810209876e+02
1.072923847158166240e+02
1.112335667379913531e+02
1.108444919757101701e+02
1.061429221325084171e+02
1.033122730958668285e+02
9.249502299220107204e+01
9.313991470421434826e+01
8.739668320790912048e+01
9.115227136669061281e+01
9.264082963338557875e+01
1.021465022008297154e+02
9.800192250949805839e+01
9.226029480228316970e+01
9.056391498714832267e+01
8.138585098494026226e+01
9.060729179621866081e+01
8.767206762077188387e+01
8.773384245737759102e+01
7.893899434094460332e+01
8.585937187152300964e+01
9.137134444316475879e+01
8.908630026376161481e+01
8.070416176815663789e+01
8.201536387558390118e+01
9.024502860390798276e+01
7.893078658067310016e+01
9.003476622006274965e+01
8.511262940700244428e+01
8.710148416182485676e+01
8.101406436605444128e+01
7.756475230564653600e+01
7.305253893494355566e+01
7.135490775410518438e+01
7.305910590595100018e+01
6.328897659440458057e+01
5.813373144449916907e+01
6.217903457966605885e+01
5.965955889408656532e+01
5.063549051707507687e+01
6.377991725879667229e+01
5.946432750373923426e+01
5.877929131168173882e+01
6.933555534627537043e+01
7.066044678025433257e+01
6.110612533650612477e+01
6.082783004507799518e+01
5.127150728971982829e+01
6.322612155527571076e+01
5.918598854666360864e+01
5.899929524633294875e+01
6.069924240548770911e+01
6.516867984417923765e+01
6.311768719324903287e+01
6.376252316786244734e+01
6.096495850684927831e+01
6.393821963866174940e+01
6.923928619500091486e+01
6.730444134982938920e+01
5.320451827214945695e+01
5.921036510239435557e+01
5.038198422778248187e+01
5.235970395930980459e+01
4.932066700898600686e+01
4.950236332138509709e+01
4.486930272428475064e+01
4.512967422307771415e+01
6.264422931928800153e+01
6.197653301039380125e+01
5.664699397083106192e+01
5.714864883864645861e+01
5.848238173440989129e+01
6.304745585647356165e+01
5.003591001380777925e+01
5.347114898641397218e+01
5.114161099349504980e+01
5.811036360323910799e+01
5.411103760552857977e+01
5.612814421699351186e+01
5.729043900440261439e+01
5.750375207842300540e+01
5.918504438123229505e+01
5.713854176384496952e+01
5.002573595911554349e+01
4.263982914368827437e+01
4.009665856113381466e+01
5.350982577038301713e+01
4.991294136356297884e+01
5.592367669389872731e+01
4.733165738157099156e+01
4.312844545783860895e+01
4.910430485355631447e+01
4.724078850360688620e+01
3.706194171413554272e+01
3.564557331704514809e+01
4.209180123104594884e+01
4.515062968592447135e+01
4.386379223584194165e+01
4.767849654576829721e+01
5.448999836713621647e+01
5.386783251271386774e+01
4.253272644121107504e+01
5.473934271045076372e+01
5.667326783817807723e+01
5.435101916853761139e+01
4.906586429382715409e+01
4.679882132258039462e+01
4.172849057953354901e+01
4.438541248095863523e+01
4.097471236008205153e+01
4.797545177711342745e+01
4.387405092329206013e+01
4.500108791650004036e+01
5.197583819699887897e+01
4.599729933432818285e+01
4.534691142885966997e+01
4.257205319619951922e+01
4.509586750033921732e+01
4.798781769741471948e+01
4.551432283671663015e+01
4.443314345587805292e+01
3.948344401399216963e+01
3.165283589817429188e+01
4.344370687675825593e+01
3.251687404138731807e+01
3.296063407046705862e+01
3.661048827162778707e+01
3.761258977801151104e+01
2.991154920183353028e+01
3.552249569256271400e+01
2.983280230899340424e+01
3.502100052620464510e+01
2.501274659902718867e+01
2.687033105062117500e+01
2.690511878546958613e+01
2.315775919839493469e+01
2.413463354222590596e+01
2.859523355905920283e+01
2.735091287426859452e+01
1.752352332060146622e+01
1.673641338359528064e+01
1.931240840060872088e+01
1.398293819461106402e+01
5.885099705264601688e+00
4.947878376773001463e+00
1.881883123366582211e+01
1.883780599150960811e+01
2.381691631156112265e+01
2.038992610991756749e+01
2.017250679994308982e+01
2.057596463540277654e+01
1.855936921843550635e+01
5.497269163649995960e+00
1.116955695793749115e+01
4.485426004051527471e+00
2.949360644336877613e+00
9.330836999073900628e+00
1.658181536573962234e+01
1.368110826425675697e+01
9.500583042559501479e+00
4.069452111048447840e+00
1.237809920964975419e+01
-4.855002098969696256e-01
1.148104844928303336e+01
1.725368633648707828e+01
1.192571430233845220e+01
1.936086853997531776e+01
2.897803571945200929e+01
2.566250352647178445e+01
3.325535345912690843e+01
3.072315560162595816e+01
3.215246121423533765e+01
3.204788230449590003e+01
2.632803462345411560e+01
2.438184461601010966e+01
2.184445642176127222e+01
2.636519494005937858e+01
3.262253499520004141e+01
2.000482092547155233e+01
2.438448009905885527e+01
2.056952212705452254e+01
2.544250075952441392e+01
1.353055670239858088e+01
2.055780830798564907e+01
1.318322153698084520e+01
1.830550480354530407e+01
1.434630693038676341e+01
1.499415087628233323e+01
1.878236069895904592e+01
1.338886174210849944e+01
1.180565877346383630e+01
4.036177206347846713e+00
4.561690827589894859e+00
1.557835126140920234e+00
9.079182185601680999e+00
2.905203288083626489e+00
2.526834708245215388e+00
6.764813356741788297e+00
5.628586749864887828e+00
8.793880051559572308e+00
1.117615165625317530e+01
7.902433542721424509e+00
9.003384854261256010e+00
1.356515562157214916e+01
2.401448261834095099e+00
2.455995913158953492e+00
5.122845387410050577e+00
1.006126025515371936e+01
9.900490316946852332e+00
5.998967128449916864e-01
1.162405371595516179e+01
9.324990943697741841e+00
1.432470600002916150e+01
1.667843644379519930e+01
2.179113314680583358e+01
1.453706977378539733e+01
1.733339609092600142e+01
7.172089097074572095e+00
1.146515554492123101e+01
1.119712495996503243e+01
4.128654489054175869e+00
1.448917197775001497e+01
2.621802071649922894e+01
2.458892402760653795e+01
1.853378339938967656e+01
2.298523421245140952e+01
2.524798374239417953e+01
1.767001634007214150e+01
1.768745731984570568e+01
1.525274434629838005e+01
1.761123265752565814e+01
1.654549686274212306e+01
2.162892039062312222e+01
1.969173840974181644e+01
2.371059961692289875e+01
2.742185788548198389e+01
3.199717107935127558e+01
3.544888209874086016e+01
3.476649651033864075e+01
4.116165936275220361e+01
4.630147996320584980e+01
4.376059993860567943e+01
4.305098599547461191e+01
4.680415907825362609e+01
4.462980430715013114e+01
4.497690934836366949e+01
3.927934005496707925e+01
4.133146187091431045e+01
4.276969700012239883e+01
4.424338453405061244e+01
4.521143591275730955e+01
4.420599127457531807e+01
3.877385758569310781e+01
4.170701301183106580e+01
4.230815143270802281e+01
3.997205433046367773e+01
3.395489515440061723e+01
4.314803031912322950e+01
4.214098472999971534e+01
3.833776989633009435e+01
4.117013061449087274e+01
2.974343544147252061e+01
2.954516682800577598e+01
3.410616042347226085e+01
2.984614135322587458e+01
3.406043135783178144e+01
3.933979576054285587e+01
3.347998549571519789e+01
4.482886991888744888e+01
4.984417810064947219e+01
4.832405518524959120e+01
4.624895958011303065e+01
5.198011138479133564e+01
3.769393283263459438e+01
4.009479115619413392e+01
4.456032343274540608e+01
4.161098922586903370e+01
4.158506130764512676e+01
4.382093651874357931e+01
4.293559082656521753e+01
5.043807183950901418e+01
3.527156710995536315e+01
3.267657704461423407e+01
4.153317953351860581e+01
4.506511558859583033e+01
4.253939027518253368e+01
3.375311342118292401e+01
3.596996664419941681e+01
3.150076760860955360e+01
2.964240488686498409e+01
3.599533857678834892e+01
2.897203765504736239e+01
3.720467965286761114e+01
3.563454711822589616e+01
3.806990129714628779e+01
2.886820632803019038e+01
3.393141953247845777e+01
2.926317506110686750e+01
2.066022484653688096e+01
1.979232678887731467e+01
1.714693906438401427e+01
2.674710250725084393e+01
3.293650756160504045e+01
3.345525062241885195e+01
3.481393462557279150e+01
4.584557648691261988e+01
4.273065968381631308e+01
4.707848829303902960e+01
6.450765162111582640e+01
5.268821844339121441e+01
5.827051172590352479e+01
6.460365540345868851e+01
6.605111160630259803e+01
6.077557556924091386e+01
5.514315227957397525e+01
5.293653548009115895e+01
5.065794066880827273e+01
4.541159407188543184e+01
5.161331353947274891e+01
4.357197668140022984e+01
4.906233878046826646e+01
5.422917870807870599e+01
5.533796248073196011e+01
5.969591167011189015e+01
5.002313691566763509e+01
5.491818238157120646e+01
4.631087249583758592e+01
3.928311928437824463e+01
4.267429384923045887e+01
4.548240131090020810e+01
5.872232555474155191e+01
5.038056574924062403e+01
4.548145369029521135e+01
4.516908376728899555e+01
4.126455324957892401e+01
4.543477480230681920e+01
4.815596014551973525e+01
5.175584393369248204e+01
4.469916907141396933e+01
4.973055734318853638e+01
4.464969274017272483e+01
4.151462690645200837e+01
4.629763453720168087e+01
5.125180600311613688e+01
5.278644707186045082e+01
5.886347436465760552e+01
6.129134517151789652e+01
5.606005146960135477e+01
5.976740512416703410e+01
6.015407407363359482e+01
5.285569371969956620e+01
5.914456865860768886e+01
5.384802764865222002e+01
4.352561189511023798e+01
4.074103027591758064e+01
4.018563852752305365e+01
3.758923477266832691e+01
3.395635214325523066e+01
3.111837406274980466e+01
2.708840312535205896e+01
3.607931309017788379e+01
2.970666929578928261e+01
2.998828488424420513e+01
2.709178872836542951e+01
2.927550505131364744e+01
2.729547742343290295e+01
1.959669619609048752e+01
3.178970916094090171e+01
2.955644472154464353e+01
3.738420996019874565e+01
4.300337565396236528e+01
4.372380941693020873e+01
3.956400258266836545e+01
3.151174527077481358e+01
4.307633280428095190e+01
3.038888814423006579e+01
3.401442320425586985e+01
3.152831086884906853e+01
1.999929788642883821e+01
3.038173247304791147e+01
3.261537592297436561e+01
3.791140097583367918e+01
2.963887844386729142e+01
2.753680059312370432e+01
1.632970232693509871e+01
1.217864112172021152e+01
1.388564332731430540e+01
2.345992544946260239e+01
2.644651133821433575e+01
2.624555465057752102e+01
2.308561282031888240e+01
3.422956944236639032e+01
2.667765752721537353e+01
3.446096552874711705e+01
3.650154813713216839e+01
3.878445131526749634e+01
3.784470455309470793e+01
4.524388053657704489e+01
3.919115167867350635e+01
3.754143836730412431e+01
3.324631120926182604e+01
3.955946793392907779e+01
3.690820932413849675e+01
3.504010032007191455e+01
3.972915124429497524e+01
3.444530910541429591e+01
3.607049541226201939e+01
3.806623982102603065e+01
3.346969778933986817e+01
2.254814010376883360e+01
1.868612319149820067e+01
2.214205137440520943e+01
1.414676144717938833e+01
1.687603204463895779e+01
1.536637166083486861e+01
1.015367386553971762e+01
-9.542847816588828636e-02
6.639460826748385003e+00
1.372578424694516031e+01
1.767271699505334581e+01
9.810288317991915363e+00
8.582617904135862119e+00
9.468486418639496804e+00
1.483594179896996756e+01
1.409597937337936280e+01
1.771909660872696080e+01
1.313351632979468953e+01
1.456531816031142945e+01
1.362339179745412565e+01
1.810556203160723499e+01
1.441503562112316494e+01
1.967530961823848301e+01
1.605852899654414045e+01
9.547009854711907550e+00
5.275610794785771773e+00
-5.575228542391714726e+00
-2.837001581126170180e+00
7.276394893393431040e+00
1.175225272021886269e+01
4.331461466327291454e+00
1.980224140224129847e+00
3.630158353792629633e+00
6.923008206306433543e+00
6.274078476150425132e+00
4.701815331585953217e+00
1.326772677672334311e+00
6.345619596064518753e+00
-3.850666864310785087e+00
-3.361012586467683860e+00
1.670699863401189644e-01
2.290561433205591246e+00
-3.015313547300943586e+00
3.687468518445501608e+00
2.421566511995274062e+00
7.524223320074136190e+00
1.147399455831293658e+01
1.190696297100076428e+01
1.005705810678711210e+01
1.668641631829651217e+01
1.623065946253584713e+01
1.423935882960395283e+01
1.483191447947487518e+01
1.183185867634190025e+01
2.039988788789062113e+01
1.873109201164862725e+01
2.185220339103776155e+01
1.855472593556799765e+01
1.275362762039591402e+01
1.997856123806784723e+01
1.350484530967555052e+01
1.508645247973050019e+01
4.996010459293358963e+00
9.268998579826789097e+00
4.965062896874734122e+00
1.107399905120396255e+01
5.570134558427080940e+00
1.020655886178632166e+01
5.622568334582116911e+00
6.364275579221164492e+00
6.504457041401531470e+00
8.127812186306178077e+00
-2.481690404403215311e+00
4.087999754776016736e+00
-1.174248524446331210e+00
3.969203376046260612e+00
-1.794542578006629974e+00
5.000544041241113291e+00
8.387728248243362827e+00
8.583381978607199869e+00
7.694263451728398095e+00
8.432637569921707765e+00
1.188149988304736127e+01
9.244121235899289246e+00
1.472059892905804546e+01
1.044527596660186575e+01
7.304746408021333792e+00
1.382015184797730711e+01
1.014747361105219348e+01
5.701508459724749400e+00
3.945641492973453346e+00
1.247224918127535176e+01
7.651572250403463116e+00
2.260384806747611997e+00
2.782810153599181824e+00
3.587901487324324457e+00
-2.671427746124245495e+00
-8.267978531383700869e+00
-9.243448026033997067e+00
-1.173496807544949760e+01
-1.434911376810930506e+00
-9.358335775542999002e+00
-8.639836212783784219e+00
-1.142974941891447216e+01
-7.403557525137505202e+00
-6.927054627831118694e+00
-1.928246069242997685e+00
7.450469920534441570e-02
2.015415827320532038e+00
8.565659535140373038e+00
1.001022478256957449e+01
1.507458260510122017e+01
8.435755390158453437e+00
1.567527790068392513e+01
2.666087120521481779e+00
6.139581945638594718e-01
-9.190096168278429900e-01
-3.054372665032168754e+00
2.023269903997711783e+00
8.935275086559748559e+00
1.753589786003368545e+01
1.941580123461902474e+01
1.683850122951698225e+01
1.558091157818623707e+01
2.034934701644121446e+01
2.412424305455951767e+01
2.467908528233505194e+01
3.006792891403308943e+01
1.571140677109536199e+01
1.919160887162122719e+01
1.450890199650931933e+01
1.419401261755596089e+01
1.253244786800052069e+01
1.151286886030958634e+01
1.610154800338595038e+01
1.397693515304835010e+01
6.767672040698400338e+00
9.172367041963312317e+00
9.267180802678719687e+00
1.136024943736926396e+01
1.262020499691361053e+01
7.523579799694914527e+00
1.515753780455166400e+01
1.859861276859509616e+01
1.992962308007826167e+01
1.367028859185335854e+01
1.729117324886444607e+01
1.869239727775859805e+01
1.625000393301067092e+01
2.872764024332627031e+01
2.962538500239109851e+01
2.802875364120012591e+01
2.826738962932707366e+01
3.249225062062166813e+01
2.123189178116513887e+01
2.722952188706818788e+01
2.522931253670891039e+01
2.661888433714944924e+01
2.172589075447626783e+01
1.607661000548855768e+01
3.192214188795622576e+01
2.339621319745575789e+01
2.796221549079033863e+01
3.319422749048763421e+01
3.034189190412221393e+01
4.036113129005220657e+01
3.741992199302512745e+01
3.675229365724765529e+01
2.619137831222333546e+01
3.133632904565509492e+01
3.077486756499941478e+01
2.797172939777426492e+01
3.036340726323768990e+01
2.501684432523882151e+01
2.385496455654531545e+01
2.331967355620158600e+01
3.390434091155182728e+01
1.963192317873153669e+01
1.798521684449222846e+01
1.665287333895467370e+01
2.280226741078902108e+01
2.607482430372823146e+01
2.409623865680511656e+01
1.669631229717789722e+01
1.171455763027878838e+01
7.142887546474413263e+00
5.028222276465315055e+00
9.329163407077455616e+00
2.939033210018649811e+00
1.607091128060611496e+01
3.200904307370889157e+00
1.213754512812068675e+01
1.268912224598420124e+01
1.636879979364643489e+01
1.047262216009972313e+01
1.507456968619509219e+01
8.980951400104121518e+00
1.097588834608876063e+01
1.711818561458387578e+01
1.799552428250639480e+01
9.666724042158213237e+00
1.787582567457420168e+01
1.765586128365415775e+01
1.272989189316950487e+01
1.226383508642233267e+01
1.049397022208602515e+01
1.449335097260973448e+01
1.305195165057129714e+01
1.456673192265324523e+01
1.855284100013320625e+01
