1.000000000000000000e+01
8.860565802265176316e+00
9.988384735907541057e+00
8.938124605222308006e+00
9.283312371595854984e+00
1.092529221908216286e+01
1.091304848478780620e+01
4.793159579324842490e+00
6.873795522485089293e+00
1.508780762662744834e+01
1.612417455598875549e+01
9.949017924977098914e+00
1.656609015952342290e+01
1.451388318877097205e+01
1.574028758854865195e+01
1.451291497137212438e+01
1.085317417947359964e+01
5.976552562319837669e+00
1.186064619528510988e+01
1.556007832522334944e+01
1.882977035162231161e+01
1.849292074038199729e+01
2.357919520563648064e+01
2.711410708958138827e+01
3.140302823893329887e+01
3.241959479000338007e+01
3.652795612222599431e+01
3.765893268435181085e+01
3.491868729801474558e+01
3.087432032932520443e+01
2.523428783654428997e+01
2.196863527142862438e+01
1.339115623186538961e+01
1.001867299502440645e+01
1.285284466372499068e+01
1.563891348689244332e+01
1.835584162940313391e+01
1.701621866361909596e+01
1.794943296702971125e+01
2.028011301704897917e+01
2.160947962781306586e+01
2.285923586003595531e+01
2.268385852739755748e+01
1.566692058934165033e+01
2.335810635181385564e+01
2.785066703515754583e+01
2.602871360954407365e+01
2.434261049163261603e+01
1.944754792167249846e+01
1.797905360998017343e+01
2.172831889158791441e+01
2.380732823963283451e+01
1.401763292779465608e+01
9.582874769097418977e+00
4.749197823213142655e+00
3.858574433184312369e+00
8.378976805137842376e+00
3.762923710678875544e+00
-2.568103035461672512e+00
-3.041268521726689045e+00
-9.884920902404927823e-01
1.935560413165333671e-01
3.258057813005697412e+00
1.194767641436373751e+01
1.594930668325751455e+01
1.098029638091914073e+01
9.579547591364356407e+00
1.620207648737621042e+01
1.655770094215544219e+01
1.923848003187932676e+01
2.170476217099976779e+01
2.194750111493424427e+01
1.657998315614618434e+01
1.469866555523991103e+01
1.515120949262696648e+01
1.961886494040380668e+01
2.651964559069207894e+01
2.903321950607064750e+01
3.131335540724582955e+01
3.483057279544978968e+01
3.558442314472455337e+01
3.827718584934122248e+01
4.168550448251247076e+01
4.137252409806748688e+01
4.421117868610755153e+01
4.968931474784631774e+01
5.109293536341366604e+01
5.980498332791354699e+01
6.296374244527876840e+01
6.472372731044544025e+01
6.527143611272090595e+01
6.161219598367883066e+01
5.990587267262664994e+01
6.028480437043741347e+01
5.662292697884105763e+01
6.035552348560025848e+01
6.099823538342434404e+01
6.500962765905630647e+01
6.396420893152168219e+01
6.179116339118818502e+01
6.098053068255245535e+01
5.916252175092332521e+01
6.322199055436016124e+01
5.927061925877477933e+01
5.962860895887488510e+01
5.676405848173507707e+01
5.428786422575070247e+01
5.479662333158636045e+01
5.899426995662315676e+01
5.905257381276354067e+01
5.610164652452641576e+01
6.449944114668998907e+01
6.132319466690275789e+01
6.286104459176779358e+01
5.714800709845474813e+01
5.978802853714827847e+01
5.848501904178005617e+01
6.218822659170611189e+01
6.383000912374663471e+01
6.402092993629602802e+01
6.412400313300064170e+01
6.351506865692677906e+01
6.113448126720349762e+01
6.273064544732831394e+01
6.753803869108455160e+01
6.676463148732202058e+01
7.004624672528576923e+01
7.257718627085240826e+01
7.405733043215919054e+01
6.781377216498970029e+01
7.083848127694452046e+01
7.076339391659848843e+01
7.058829778858000736e+01
6.587569590445222900e+01
7.324449785952978687e+01
6.603106265474822578e+01
6.711472732315780831e+01
7.220668850010348194e+01
7.359234508175734391e+01
7.221189728775851790e+01
7.663443717843904324e+01
7.938020732969285120e+01
7.928033445134396118e+01
7.982542772109179907e+01
7.462173637875748966e+01
7.278047310597840180e+01
7.166516391632868022e+01
7.211191788788036661e+01
8.060815980586600915e+01
8.829419061186592899e+01
8.081411793817218836e+01
7.909221809915405288e+01
8.109846375440042721e+01
7.717418813214071349e+01
7.975628384128168591e+01
7.421108769672291317e+01
7.500038664055045956e+01
7.231889773184255432e+01
7.420517765819900546e+01
7.498125484742747915e+01
7.556639211779184961e+01
7.616935254241337816e+01
7.310545903603679108e+01
7.331499498087343625e+01
7.291906332501716292e+01
7.373850068926772394e+01
7.586980097220158825e+01
7.467807528463467293e+01
7.581738053745564798e+01
7.281166324274217061e+01
6.531643564093998577e+01
6.718561068123769076e+01
5.923506091917415972e+01
5.966590828966214133e+01
6.530553524565789303e+01
6.705965755372309900e+01
6.179056324398921873e+01
6.300497149477533299e+01
6.028503868929978893e+01
5.444206679401138871e+01
4.811910041218563094e+01
4.310281973353791329e+01
4.749483930253452968e+01
5.051841534805588196e+01
5.048029023057730313e+01
4.722367913344254475e+01
4.809665470208226168e+01
4.549403145474315835e+01
4.255827652261407223e+01
4.893860891523040380e+01
4.962964051737993287e+01
4.562816202333522853e+01
3.672256681104244791e+01
3.550847961218514826e+01
3.770092797144440055e+01
3.005571767530830840e+01
3.074309841099918827e+01
2.822238214260278610e+01
3.083029295982708717e+01
2.876890137340092934e+01
2.842706303235826937e+01
2.920925325290503238e+01
2.690313591958003414e+01
2.944970815459780056e+01
2.485117287293196853e+01
3.472595433345704663e+01
3.116811817298932397e+01
3.842240852030547416e+01
4.164410079546249932e+01
3.915692856701050317e+01
3.626095427792245118e+01
3.380081270900497259e+01
3.019399815048087277e+01
3.026684711300069353e+01
2.788053755766637209e+01
2.085783463604140309e+01
1.461475377616482874e+01
1.245081127312525027e+01
9.690904234772109049e+00
7.229316264575768258e+00
6.802072328786324285e+00
2.911426425929886541e+00
7.644971805315030622e+00
1.535044551956253223e+00
5.060982521609959761e+00
7.317602338253122340e+00
6.825602316828670801e+00
7.830598818386288684e+00
1.476924586460835798e+01
8.583858269886382786e+00
7.464325729373046059e+00
1.181282151734506414e+01
8.730972239993826989e+00
1.114948974535599646e+01
1.005962569307313714e+01
7.137345500208637006e+00
1.506181889479469049e+01
1.812932491494269982e+01
1.455926399403766780e+01
1.749923668772244056e+01
1.272594680468341011e+01
1.838112730553577023e+01
1.839274046044125299e+01
2.127400772593107092e+01
1.932729920144310398e+01
2.084600892584597176e+01
2.190221999547653553e+01
2.411633397185363137e+01
2.757700052072699748e+01
2.847161975572421966e+01
2.426469785671104518e+01
2.464039824545508139e+01
2.554254615162293618e+01
3.219837485394866405e+01
2.982545206161668361e+01
3.181840025705878006e+01
3.649723979880604929e+01
2.909553384314689595e+01
2.398134052173971043e+01
1.842985068457807074e+01
2.073311730078523851e+01
1.547411831824756412e+01
1.510556098729319530e+01
1.757586118724768198e+01
1.000744568768709897e+01
1.442422258170583760e+01
1.118407767802009900e+01
1.140262123280658280e+01
1.440941285836281871e+01
1.873516214390132362e+01
1.394437737109909037e+01
1.615445645066522218e+01
1.080441172273749828e+01
1.426391513168807457e+01
1.361360415104193500e+01
1.406204303265942102e+01
1.576215424376685981e+01
1.442329487616527572e+01
1.226710704949167763e+01
1.182321244569402907e+01
2.171878765551837276e+01
1.946229064909815420e+01
2.405837382797271573e+01
2.674207687553778356e+01
2.413088311073516223e+01
2.659611858555557973e+01
2.735126462242202905e+01
3.491653824091866909e+01
3.249180159304087567e+01
3.061584079598214458e+01
2.776098218489535085e+01
2.993970749992026725e+01
3.439222004789710496e+01
3.797575167537279839e+01
3.822255942205790546e+01
3.853550663847510549e+01
3.978902876722935389e+01
3.802209218553161918e+01
3.071034228502518815e+01
2.330259302179405978e+01
2.221917341867678175e+01
1.402019181790729263e+01
4.675458400042435514e+00
6.743639536606931273e-01
9.104550738127479281e-01
3.578876888622984254e+00
5.482412858225320207e+00
5.170183736531981822e+00
-2.007636244427846606e+00
-3.342047156993750878e+00
-1.475580935479505751e+00
-6.724985566399611869e+00
-7.365106108822176090e+00
-7.113317469553110506e+00
-6.299718182420388501e+00
-5.845969387819169860e+00
-4.005444773222297528e-01
-3.550275764744388329e+00
-5.884201925952007528e+00
-2.796717642874559040e+00
9.696887237552340721e-01
3.585804690717409038e+00
3.480504272287212597e+00
6.617006380052291803e+00
3.199179024051120201e+00
5.399295728193470367e+00
7.833215496805450151e+00
4.690827485097251781e+00
9.923062528829960982e+00
1.387484183122894343e+01
7.697713099183373764e+00
7.543677538671558658e+00
8.906233146151878444e+00
1.092614772328824557e+01
1.129059035851141068e+01
7.402391558380426062e+00
9.750366820626911846e+00
9.321441320498538019e+00
1.053697888438980534e+01
1.199743936865423422e+01
9.605712485187055449e+00
1.001908658613039194e+01
8.037654998441878362e+00
2.949320020299730949e+00
7.574841210100550448e+00
2.499943471747309687e+00
4.951610563126999764e+00
6.714702678638376554e+00
9.470601003661101913e+00
5.274699596160528081e+00
-1.814792909438612156e+00
-1.040156068704511050e+01
-1.081039602240410602e+01
-1.312752062719700419e+01
-1.068236743017467738e+01
-1.422034465938932968e+01
-1.520984290101467629e+01
-1.385235050277130142e+01
-1.185394643887598143e+01
-9.604930073275321334e+00
-1.202015222172179421e+01
-1.202662455831727861e+01
-8.410058264353141411e+00
-5.768741364660874282e+00
-1.345264662337481809e+01
-1.309957211244997488e+01
-1.589899853112856221e+01
-1.710356503396722516e+01
-1.931882499932952157e+01
-2.071353681243627420e+01
-2.812551200627482828e+01
-3.365243475153336306e+01
-3.676529388134918008e+01
-4.205045967750148606e+01
-3.960995406891861847e+01
-3.681004521647455618e+01
-3.588790532805945332e+01
-3.335374643256065497e+01
-3.656183029542485485e+01
-3.969356226648935149e+01
-3.605343976118307836e+01
-3.190095914172967895e+01
-3.536338925653849685e+01
-3.192081199982305506e+01
-2.266219704792850820e+01
-1.962422580664773619e+01
-1.691990156835740677e+01
-1.621551503253981252e+01
-1.905601283726370099e+01
-1.951784124356068872e+01
-1.191062681097401210e+01
-8.975402490661236854e+00
-1.097535810053683036e+01
-9.535856462662499311e+00
-1.257706786985851188e+01
-1.152193668716000374e+01
-1.278049268793730775e+01
-1.376759951507239954e+01
-1.376380417388873489e+01
-1.226463102177494768e+01
-8.170478251223203259e+00
-4.265056193286915764e+00
-2.142240141821537325e+00
1.180197425937104416e+00
1.225003623288821064e+00
5.419106505332617729e+00
7.784109104288840619e+00
1.034848847175552500e+01
6.958409724354448933e+00
1.283385201719582369e+01
1.175071425956121907e+01
1.547259952346868950e+01
1.507545866528654521e+01
1.449981528479733583e+01
1.597848405653535941e+01
1.997678528606428472e+01
1.722552414245842556e+01
1.913144958107624305e+01
1.785458448976866919e+01
1.522020314003739294e+01
8.601829382409340141e+00
2.874170600371665607e+00
7.450344515364791143e+00
3.391290922110983708e+00
1.002026703947356268e+01
1.438537953064952646e+01
1.520775986295378424e+01
1.862673059560614419e+01
1.534004341395450766e+01
1.717284001987710340e+01
2.301495545683937038e+01
2.268476694790765436e+01
2.033122045630661745e+01
2.006371914379653987e+01
1.647251525332748656e+01
2.203375196710862483e+01
2.657871827307772250e+01
2.588196001625939502e+01
1.796389207418944522e+01
1.422049881016227602e+01
1.420653766423652442e+01
1.683062786856352844e+01
1.440651274229705336e+01
1.493475021115740020e+01
2.100924647066083395e+01
2.014451269297006775e+01
2.161051571490041212e+01
2.248617261260413258e+01
3.003452339688258022e+01
3.084360345663617409e+01
2.679227714519691972e+01
2.565201336781214181e+01
2.913410819308061761e+01
2.557585178057784603e+01
3.032235219200141785e+01
2.439902854169367430e+01
3.548179899044335173e+01
3.355616716481899431e+01
4.172761084745461346e+01
4.928130751609875659e+01
4.882953095408871036e+01
4.532528000695332793e+01
5.282224349006411757e+01
5.927460354032761813e+01
5.596287217405071601e+01
5.339865874672231172e+01
5.994195555969513123e+01
5.714160192883608858e+01
5.078563193737837622e+01
5.365433547666954439e+01
5.164772960158369841e+01
5.262279423416187996e+01
5.067103453636017463e+01
4.967968816059438808e+01
4.486630246663108323e+01
4.379516492751567114e+01
4.237704222778692298e+01
4.443240819799375174e+01
4.344608836376187355e+01
3.857793575327445268e+01
3.781841076663649659e+01
3.358457181005594094e+01
3.087426570638073287e+01
3.271178436947734980e+01
3.243276585579216231e+01
3.047671874759856792e+01
3.039517922935354832e+01
3.037474924614042138e+01
2.694039364409468718e+01
2.783953698072733474e+01
2.681828436520085646e+01
2.797258460580498607e+01
2.422916126191563535e+01
2.603231655736004413e+01
2.285309027361111589e+01
1.221287147233381809e+01
1.828913090392243390e+01
1.365801765598394191e+01
1.349403113017871547e+01
1.191578363560049780e+01
1.223086714521176432e+01
1.208924622075203636e+01
1.073065830586591396e+01
6.167593191818180109e+00
5.795928420401895487e+00
8.367974995027251950e+00
1.334033329732137396e+00
2.202991963139151910e+00
3.100876087228725098e+00
1.054994436646540024e+01
1.111539114465267097e+01
1.695267119556800139e+01
1.199141392393672589e+01
1.413921405660650166e+01
1.516583982319692048e+01
2.114758299550049614e+01
2.339449463147840191e+01
2.460885474258536831e+01
2.269402182757469433e+01
2.385284436426499965e+01
1.750579293913711254e+01
2.036099656409430736e+01
1.643861758564718656e+01
1.476701356756415962e+01
1.867888776270718765e+01
2.175679639166293811e+01
2.258485827065385365e+01
2.536341231529142703e+01
2.505603336260103120e+01
2.625354840550603797e+01
1.663011126928963535e+01
1.815486682405711605e+01
1.630729720723325826e+01
1.744259998009106027e+01
1.825064755863629173e+01
1.419469746284321765e+01
1.497176093055440660e+01
9.502470660510185851e+00
9.357751684588377472e+00
9.797452684740692419e+00
5.477724331814434855e+00
4.864476795889094873e+00
1.154397423176920956e+00
6.396906069204099765e+00
6.441824476225847640e+00
1.099028514857863925e+01
1.326553842147606943e+01
1.290540337181096930e+01
1.890864228429836302e+01
1.505674523690742106e+01
1.719869058778454729e+01
2.476023945957174277e+01
2.894247711132246081e+01
2.759420098117251285e+01
2.465389905379134206e+01
2.644131088851803213e+01
3.575193889728739549e+01
3.243336125666309755e+01
3.362489923958673188e+01
3.471928960126474806e+01
3.609036788885706670e+01
3.755677622989137632e+01
3.626272666371146158e+01
3.746257038723749844e+01
3.786200916536546401e+01
3.728541990550656493e+01
4.002849802366493037e+01
3.737325032131677460e+01
3.763100973900449731e+01
3.504285141013691884e+01
3.651672893592021296e+01
3.677056280975616431e+01
4.062352334743329152e+01
4.586191842568008070e+01
4.461268025497904688e+01
4.462205393587350244e+01
4.562745435447020270e+01
4.309565108385649523e+01
4.278130052716139176e+01
4.041045203777471073e+01
3.529741979848068922e+01
3.206091757558155564e+01
3.159217853374946472e+01
3.365926631769157495e+01
3.879906771595459958e+01
4.238615056676879078e+01
4.066511282843711683e+01
4.493586957522755654e+01
5.003968291139334212e+01
4.965453987245133760e+01
4.909204344691246291e+01
4.854901319317495023e+01
4.568221123945333773e+01
4.693299946642024167e+01
5.529085095775258196e+01
6.010775549221837366e+01
5.352824935239686255e+01
5.633590269985703003e+01
5.525131011127427882e+01
5.445890801412959092e+01
5.309910334287788913e+01
5.068472709883575789e+01
4.892064404454069404e+01
4.371644432200027097e+01
5.065088434172815113e+01
5.319551517879674662e+01
5.544309772757563337e+01
5.972528583884194830e+01
6.031240124672845582e+01
6.509642103268386393e+01
6.128954696038039174e+01
5.449967928993519450e+01
5.878746965475350095e+01
4.934134259646462795e+01
4.844725340183810403e+01
5.276779078700250381e+01
5.225366259142214886e+01
5.055894429118510658e+01
5.090847549124432447e+01
4.586539494732315347e+01
4.997673714614602858e+01
5.786981375775805247e+01
5.344891873493043022e+01
5.142836104930290730e+01
4.985107530337829473e+01
5.289639366158886702e+01
4.879337319020329744e+01
5.069615755120211276e+01
4.641845920561642913e+01
4.758997131384571588e+01
4.876492737266629973e+01
4.574823207780574563e+01
4.564564855520377762e+01
3.786056556399523743e+01
3.293238747425850477e+01
3.076588115949227742e+01
2.576676783133536475e+01
2.189352566858835658e+01
1.716811777531566818e+01
1.334043882827934979e+01
1.213123028625059341e+01
1.500411246232880558e+01
1.823178177054045079e+01
1.518416583451141300e+01
1.642775454068584295e+01
1.973627308373193756e+01
2.666509114274249015e+01
2.801181893654631949e+01
2.325975832178649227e+01
1.994556681945284282e+01
1.798574183431630047e+01
1.833958270959807990e+01
1.855116049382005627e+01
2.101610359453985666e+01
1.856870267558187493e+01
1.623208433872533263e+01
1.692800100221755244e+01
1.794098145595934923e+01
1.488537818378293842e+01
1.354794190814394561e+01
1.254909184520687582e+01
1.287693515859128190e+01
1.508010924476836401e+01
1.821831077602201532e+01
1.402253430973358839e+01
1.660607401695659036e+01
2.353828058344755192e+01
2.838348594102530598e+01
2.910678329731146263e+01
3.006319605423056274e+01
3.018233966364236309e+01
2.397684580637208995e+01
2.750341660717994685e+01
2.461061926663912303e+01
1.865058737904599795e+01
2.390162647376484273e+01
2.737209658228469067e+01
3.026981439580486466e+01
3.037702781310112954e+01
3.249404598116448994e+01
2.849814177112155988e+01
3.491381636842956482e+01
3.592533814569465278e+01
4.019670676146697730e+01
3.296641211270749494e+01
3.643700595777226425e+01
3.054534941331388609e+01
2.576486472245425929e+01
2.462571769059697857e+01
3.014283283719774076e+01
2.880384522801740133e+01
3.092834091978223654e+01
2.788656904971734463e+01
2.377982808273637616e+01
2.702908190904402375e+01
3.155722119005062254e+01
2.788737367939814149e+01
2.659341148573694369e+01
2.810879503932286738e+01
2.830944744922550527e+01
3.258885470949028473e+01
2.997900086619653948e+01
3.360199854391872520e+01
3.410961384223427473e+01
3.095322626908818719e+01
3.700432398702601944e+01
3.410376534218652012e+01
3.147616629920827691e+01
3.580509254445080103e+01
4.397466901927295169e+01
5.058878404263200679e+01
4.807761849102497820e+01
5.236781386436031482e+01
5.197515132351801981e+01
5.253776967878073378e+01
4.482069630652802061e+01
4.469232878109396268e+01
4.488814285719870156e+01
4.453570591871254436e+01
4.604446980879377094e+01
4.119199980087989843e+01
4.271246053536959408e+01
4.832361554664906578e+01
4.707106856105172454e+01
4.732909474282636353e+01
4.617234733235942201e+01
4.360427383911942201e+01
5.088533329254133974e+01
4.658894578318577828e+01
4.290184744623375934e+01
5.385626765015553730e+01
5.666383629358588081e+01
5.744002045443278348e+01
6.014599981547226548e+01
6.142532040056697440e+01
5.592469666248612725e+01
6.024542954252235916e+01
6.253120752224050705e+01
6.109695613283080462e+01
6.670175449337128271e+01
6.564921201503020143e+01
6.221250019725621883e+01
6.360557364385572043e+01
5.890738239115140829e+01
5.317228712777102118e+01
5.287924790118215412e+01
5.097424497930589382e+01
4.984089088920642041e+01
5.022347873063078083e+01
5.109664672204949909e+01
5.337600520976963026e+01
5.411170361126534800e+01
5.266068767848771870e+01
4.938585833813699111e+01
5.134631501322165548e+01
5.351128048233768908e+01
5.408089192402989198e+01
5.537090527355849900e+01
5.114591632289324252e+01
5.262450843337119721e+01
5.897267910582497308e+01
6.825853176166957326e+01
6.683490041277052285e+01
7.101148695882139350e+01
6.085300882074885465e+01
5.661256533851345552e+01
5.936152587004199432e+01
5.809779328684943067e+01
6.105787501346738111e+01
6.816645179101904262e+01
6.705407643351681202e+01
6.868872463799689854e+01
7.573919536251371198e+01
7.500304823075316563e+01
7.836230458052068570e+01
7.823300472028356012e+01
7.724448069548569151e+01
7.512934716530995161e+01
7.753172157433841960e+01
7.641961417825304181e+01
7.507744623477569235e+01
7.150771860865627616e+01
7.785138870628544794e+01
7.838219435344646513e+01
7.084597177771246379e+01
7.307784422928061474e+01
7.346508992005554717e+01
6.797806704639859277e+01
6.514481760507122488e+01
6.559745607471633377e+01
6.949491985181100517e+01
6.888885925049278569e+01
6.187810497497495987e+01
6.818837238000956802e+01
6.774401512792645974e+01
7.322622583998246171e+01
7.797568831407728851e+01
7.449915093114232434e+01
7.321195035227000858e+01
7.742921448748967350e+01
7.616201934170759102e+01
7.999666054775561008e+01
8.378318702106919602e+01
8.469067022793163346e+01
8.278744047007174345e+01
7.985531912718724357e+01
8.069271485294324009e+01
8.165502701900861382e+01
7.834224500999363272e+01
7.906491601467457997e+01
7.413092953061988055e+01
7.909061383229050080e+01
8.048539883922995841e+01
8.151142718128512854e+01
8.613075908694892746e+01
8.597400731509144123e+01
8.590232410077038594e+01
8.330462105847320231e+01
8.597769254306342646e+01
9.429819210562419585e+01
8.598521817115783961e+01
8.576844830426995259e+01
8.292917504601359724e+01
7.861286772464632122e+01
7.589178737369778105e+01
6.769832689168158879e+01
6.706462073508420474e+01
6.421605849811271582e+01
6.925027024113880714e+01
6.922790077107879370e+01
6.302998985217010386e+01
6.784715405479470007e+01
6.508430648168842936e+01
6.613364429951488432e+01
6.914379699791471978e+01
6.360307253750647760e+01
6.390241311768835430e+01
6.210858695227703663e+01
5.967020104367898625e+01
5.896818462065917998e+01
6.043573788313252493e+01
6.534970516878209423e+01
6.932027837936158221e+01
6.861699988359158908e+01
6.727331605424363659e+01
6.658354081928116841e+01
7.092422295861570092e+01
6.496277881951949951e+01
6.826589893196872083e+01
6.527806116919627755e+01
6.630357161147030354e+01
6.657969693448052340e+01
7.000584747940482089e+01
7.615083685235970279e+01
8.532276278043163131e+01
8.834892586517581492e+01
8.267460272972878954e+01
8.169114129289485504e+01
8.046821886115529310e+01
7.786270344444994862e+01
7.906840539150326208e+01
7.613365411061089105e+01
7.843624102901692652e+01
7.468029206003809861e+01
7.684097842190938366e+01
8.057268697956136805e+01
8.068068660345498699e+01
7.703684655507025525e+01
7.709778451998484172e+01
7.224347989505066892e+01
7.225155832633673469e+01
7.391094042979958090e+01
7.052177896213605379e+01
7.174498646746975794e+01
6.866334661507318060e+01
6.880551474406972545e+01
6.492643174156647490e+01
7.013437952434352951e+01
7.551447465395244762e+01
8.015187853510443006e+01
8.071528502150027862e+01
7.906819799087720924e+01
7.649166375351119029e+01
7.896556513957908408e+01
7.579368464476137035e+01
7.704244266401518360e+01
7.417052969886817948e+01
8.015937167292392473e+01
7.667230596459231151e+01
7.258751098077310360e+01
6.941491204739813270e+01
6.924859967824205853e+01
6.994870965938424945e+01
7.096008036213163450e+01
7.046859619768842720e+01
7.829150680787213901e+01
7.859317714636229368e+01
7.876705648925242542e+01
7.670705918715805183e+01
7.488345648528283505e+01
7.560298612921498318e+01
7.668569217533917026e+01
7.925846029206840626e+01
7.983665894031192067e+01
8.154479419293654985e+01
8.567002326072729090e+01
8.285066234717831435e+01
8.683518938886768979e+01
9.064892900817326904e+01
8.726246559004044911e+01
8.860429957188993910e+01
8.866492253367820808e+01
8.448030601491453240e+01
8.366522246364613125e+01
8.415889589219966638e+01
8.867145156161073771e+01
9.214174608651379117e+01
9.965115222466916123e+01
9.878908961372482622e+01
9.022155035352999164e+01
8.830571849240146776e+01
8.962241663548830672e+01
8.642160886969450928e+01
8.877352558085624423e+01
8.946246064890389960e+01
8.206967383153732953e+01
7.753449175670716897e+01
7.939595728043968847e+01
7.528846749017186823e+01
8.186355004887906262e+01
7.718726399243203673e+01
7.685919784006699729e+01
7.837614332407859763e+01
7.712755364773191502e+01
7.847953279705264151e+01
7.338139751756069984e+01
6.771965554620180683e+01
6.720172668677524541e+01
7.115415272553946124e+01
7.103630105464705480e+01
6.850710088219516081e+01
7.726467271955144156e+01
7.842036113021218569e+01
7.957187095775850594e+01
8.228425738759793262e+01
7.863507466919183742e+01
8.642330385152475003e+01
7.864300691149252032e+01
7.839826880791454755e+01
8.230888496907633112e+01
8.469271985175645057e+01
8.595948622804992567e+01
8.902922244956432962e+01
8.875947849284681013e+01
9.241006006595267763e+01
8.948719934224941142e+01
9.208734895017067856e+01
9.678675594159469142e+01
9.333542175869703783e+01
9.601836692151694308e+01
9.924948260079666795e+01
8.965275354354668025e+01
9.184487784712061398e+01
8.672204773317182003e+01
8.838920683848685655e+01
8.461353003447567289e+01
8.577814261741845314e+01
8.448121600828716282e+01
8.579647648138490013e+01
8.257468447997176497e+01
8.224922588962407133e+01
9.047782669498579367e+01
9.647529884858226978e+01
9.617475905379964729e+01
9.832729718778477945e+01
9.518830917108441270e+01
9.797777706978187950e+01
9.781257044461648320e+01
9.806711027539463998e+01
9.363855312610476744e+01
9.024406201220337209e+01
8.986588733266081874e+01
8.244863032932234148e+01
8.743969979597453346e+01
8.724049933960846204e+01
8.976968046929145828e+01
8.688148231942712130e+01
8.789552843531050996e+01
8.653774031720017490e+01
8.296322909070993035e+01
8.323578344497606452e+01
8.646889523658686016e+01
8.042451172443244900e+01
8.252010135534251845e+01
8.448450845356781258e+01
7.912557247396627247e+01
8.117664079796365684e+01
7.864746231620200945e+01
7.495608049349517898e+01
7.474796439994831587e+01
7.593441262335576880e+01
7.148915803418401538e+01
7.404121423076902886e+01
6.677859795462639170e+01
6.649797723394945592e+01
6.355949844137732896e+01
6.335526339446442279e+01
6.285254566759297035e+01
6.772139018526785037e+01
6.381157005569690455e+01
6.784645565642792064e+01
6.565637992310439586e+01
6.685369840913840278e+01
6.747729400917366149e+01
7.137566048723837753e+01
7.503736545647647915e+01
7.237216457053990837e+01
7.120455769442517635e+01
7.309423153170908449e+01
7.131024086854935717e+01
7.088680976267083622e+01
7.549406975211466886e+01
7.825383579672653411e+01
7.438564999001989975e+01
7.669907904066904791e+01
7.193838482727011296e+01
7.498906275583443914e+01
7.269324594885588908e+01
7.047439511333530504e+01
7.308225135512367387e+01
7.455797890229933955e+01
7.243133644842602337e+01
7.302586742223247995e+01
7.085394543350784602e+01
6.557617797135567628e+01
6.805429375839734973e+01
6.877041738281039329e+01
6.247452741049610836e+01
6.356931058687850111e+01
6.240611422673110553e+01
6.357999984259630111e+01
6.213503206567546755e+01
5.755350276669058474e+01
5.897163447087491051e+01
5.335386092586650619e+01
6.121552218877455687e+01
6.040671026170353741e+01
6.343261754559563315e+01
6.456450976129036690e+01
6.401204034926011843e+01
6.726313738627969485e+01
7.585210584158900815e+01
7.392266958319098080e+01
7.860972462003404360e+01
8.575735994986725075e+01
8.751160692357656501e+01
8.398651819693486686e+01
8.554728059585157496e+01
8.639210479235117646e+01
9.460094930571851535e+01
9.534115852832161409e+01
9.099198723087748419e+01
9.881058189366696354e+01
9.838256997405463267e+01
9.833474748218836226e+01
9.254428799851842768e+01
9.367664905567909273e+01
9.610330865692374402e+01
8.573591807656691799e+01
8.615925878993967046e+01
8.526536349781827084e+01
8.322927120054691841e+01
8.103505945149747447e+01
8.464429764289110381e+01
8.859822892430391050e+01
9.027483043012941266e+01
9.404543471548942080e+01
9.222470733498960271e+01
9.437057485178111449e+01
9.657869650017636332e+01
9.614703878808936111e+01
9.410601289558965732e+01
8.914449323683896864e+01
8.500995218370329098e+01
7.624321152112113964e+01
7.988486202578165774e+01
8.039698497580921810e+01
8.314775932804214165e+01
8.239504658551419425e+01
8.758306666573997745e+01
8.530512897489914792e+01
8.672982624921102968e+01
8.833388429297663436e+01
8.505976283362601009e+01
8.576772230660075991e+01
8.159909664533699925e+01
8.215692840748131687e+01
8.279109904151931687e+01
7.855950308702666973e+01
8.040379482344512496e+01
8.587527174910771066e+01
8.514534361379938332e+01
8.505247721526347959e+01
7.692479900977245677e+01
7.174634181222756979e+01
6.888028214070675403e+01
7.105510419260936317e+01
7.688732819199820767e+01
7.786058942465197674e+01
8.352251716553755045e+01
8.189469286806709647e+01
7.925736350882395698e+01
8.620519204279743519e+01
8.456794251497532855e+01
7.885950183968176930e+01
7.764962098986603678e+01
7.685713627756129540e+01
7.110807544101135136e+01
7.228834189820659617e+01
7.560443680876568351e+01
7.470358122134396694e+01
8.197215039403282333e+01
8.663069748599660613e+01
8.319373030244305767e+01
8.411013263518486838e+01
8.371377697687758257e+01
7.482684879930035038e+01
7.418314516829613581e+01
8.149781624408052494e+01
8.052403683182166105e+01
8.455391428897098649e+01
8.531071283741424338e+01
9.036973673577882948e+01
8.778540904228181319e+01
8.615691096508354008e+01
8.645170002764064066e+01
8.831136365130124943e+01
8.455260450018947438e+01
9.376933163115806735e+01
9.164824161326745866e+01
9.006664337471654846e+01
9.460501973475362547e+01
9.181027544076252411e+01
9.466797587253681456e+01
8.981994495509523802e+01
8.256779504393503544e+01
8.553670415720516473e+01
8.165407312547917229e+01
8.609930026099596034e+01
8.434838780557517168e+01
8.458806606404768047e+01
8.189281590250551801e+01
7.506623359152328590e+01
7.800902606611153089e+01
7.371302535755286556e+01
7.181792942673277480e+01
7.769903115353572787e+01
7.645130016860279909e+01
7.054836324851746099e+01
7.322336944885218202e+01
6.949234876028242525e+01
7.162566536231770442e+01
6.956954861178002147e+01
6.579501305317998572e+01
6.161541211303610766e+01
6.153833902276006995e+01
5.965828292565502977e+01
4.862290593437885633e+01
5.691274523982895062e+01
6.050470121054948436e+01
6.718378846681466143e+01
6.821175150628891970e+01
6.639219542966699805e+01
6.428690165936147594e+01
6.608536420585497240e+01
6.755695115676398643e+01
6.304618050805751750e+01
6.910746926608032936e+01
7.051053501152803449e+01
6.614030209820207062e+01
6.689094474596284101e+01
6.976478128256478328e+01
7.572906771781988766e+01
8.127873786357370989e+01
8.165706911435464121e+01
8.042119436708370017e+01
7.900824953634446501e+01
8.070799008111798400e+01
7.339876762121400589e+01
6.898154565481443967e+01
6.930669897812965985e+01
7.033720211224225238e+01
7.007854371395315241e+01
6.486853204532158657e+01
6.705212983009216998e+01
6.727984056319843376e+01
6.113160360114650160e+01
6.434432619628637440e+01
6.601360389797079620e+01
6.482145690166406382e+01
7.068624005859892634e+01
6.724952124857941271e+01
6.691726770973468774e+01
6.573017913159752368e+01
6.296140670267543982e+01
5.996608416500870931e+01
6.090169007579387284e+01
6.354764346299337063e+01
5.033080595470402585e+01
4.846133980305050670e+01
4.388961218844667656e+01
4.146652977681981866e+01
4.549962117817899099e+01
4.812799816893873128e+01
4.620265816128734571e+01
4.299359081159640539e+01
4.456311985406891552e+01
4.704861226641482830e+01
5.150409073094674284e+01
4.882656847039814352e+01
4.931836084010809174e+01
4.517818262370063565e+01
4.868692815473668389e+01
4.650403233944916792e+01
4.337847505206155319e+01
4.282224588927384445e+01
3.656915349946509508e+01
3.146906226324143319e+01
3.171735577391337557e+01
3.164405328584324195e+01
2.974412221271347789e+01
2.490781954039501755e+01
2.739491361548910220e+01
3.524794432541580846e+01
3.436842202614941044e+01
3.119136985739097057e+01
3.295801013616856068e+01
3.411149088450504507e+01
3.771728900758277803e+01
2.954068673652624000e+01
2.752773851366896452e+01
2.729921313677904138e+01
3.225453149899072258e+01
3.110852129706868041e+01
3.106714524282294931e+01
3.454067374871738139e+01
3.012293968709497349e+01
2.746168369344630023e+01
2.328403367714418337e+01
2.592178476994459402e+01
2.306164512049535631e+01
2.707919173022223447e+01
2.987035765132007015e+01
3.294023358477066665e+01
3.596963804900151018e+01
3.461434618806675445e+01
3.321337393480289535e+01
3.780963850368051737e+01
3.806564534701182367e+01
4.126789847968758096e+01
4.634519118912280078e+01
4.651391641763808593e+01
4.358414939046618741e+01
4.193180990530196084e+01
4.480090457402851456e+01
4.350788636885945948e+01
4.299970988582608555e+01
4.353703221248142796e+01
4.177231907164040337e+01
4.097585730694574835e+01
4.679287014165332437e+01
4.856672590214801488e+01
3.701753906679527972e+01
3.791543815051241495e+01
4.051566686233987724e+01
4.658624453242527608e+01
4.955755394889806809e+01
5.350713331569535569e+01
5.812969926273567722e+01
5.566106659415633828e+01
5.968785185616325606e+01
6.773774885789330824e+01
7.050636023614856640e+01
6.906395555541551801e+01
6.656396689916248022e+01
6.361050808707126691e+01
6.765701921298919785e+01
6.955445464297110902e+01
7.375254009338891592e+01
7.040796818572037807e+01
6.827769367558578040e+01
7.108626514194112644e+01
7.259795831402173860e+01
7.677373145688663669e+01
7.041723148691410472e+01
6.734696366609443885e+01
6.350716746224236431e+01
5.912871901418039045e+01
5.206657865028979160e+01
4.676901108356533143e+01
4.654467841736820333e+01
4.900111780351596735e+01
4.230851831410787867e+01
4.960789338720302766e+01
4.592079556194661905e+01
4.925857874246771928e+01
5.054629266148510425e+01
4.853680582751452022e+01
5.196590273495460366e+01
5.460617078243048894e+01
5.670477181439840564e+01
5.973562915989104738e+01
5.726051675923665130e+01
5.079496394260658576e+01
4.783052546694629825e+01
4.825031336154019357e+01
5.467593025786201366e+01
5.427784135717400460e+01
6.557520585524285650e+01
7.127209733282043658e+01
7.594433850182507229e+01
7.222022082772652141e+01
7.440464265542753708e+01
7.000704390311112491e+01
7.133460613561646824e+01
7.065590612063725473e+01
6.710725075320647193e+01
6.976205150671231081e+01
7.404770084216988835e+01
7.505332478187351342e+01
7.500764292046778792e+01
7.827413622454001541e+01
7.876727636999950732e+01
7.950251861076871762e+01
6.757333701444350993e+01
6.661513261783254336e+01
6.567697189132475444e+01
7.646689105424826494e+01
7.391183171894435588e+01
7.907762190334015884e+01
8.094992986385379652e+01
8.164605466424850988e+01
8.488929065622063774e+01
8.255320987034166080e+01
8.103190860121905814e+01
8.064833076509326304e+01
7.922752759377468124e+01
8.208228343009723460e+01
8.502367185460451537e+01
8.696939556889739720e+01
8.854309953385995868e+01
8.721689452993499003e+01
8.636221599417353900e+01
8.906603387844978670e+01
9.417473921989993357e+01
9.841800914162216429e+01
9.756515140461479518e+01
9.529549628361027658e+01
1.008158360804417271e+02
9.940527855041723626e+01
1.045889169137121968e+02
1.091208193135097133e+02
1.063077952960471606e+02
1.123140093192866118e+02
1.113789044585457901e+02
1.151776727290303626e+02
1.176486237654161613e+02
1.134043659560669681e+02
1.123066235601229579e+02
1.177466664858913390e+02
1.144500548240589524e+02
1.132411947239808967e+02
1.082245760101463219e+02
1.012632860292570030e+02
9.994967259376488755e+01
1.022254255099777538e+02
1.033030108384554921e+02
1.021578769590237528e+02
1.044634782438653389e+02
1.011659798004669852e+02
1.030857912028269681e+02
9.816136306771190334e+01
9.836931918328359359e+01
1.008482623263959113e+02
9.655539071460633238e+01
8.857603136491349005e+01
8.837110605132484409e+01
8.651673795963273506e+01
8.888162825446718784e+01
8.960278371476852044e+01
8.682078192786231341e+01
8.982200424869719768e+01
8.517298626915771820e+01
8.625267075908126913e+01
9.305785370904710874e+01
8.956371139274948234e+01
8.992423798090074172e+01
8.524563840147283145e+01
8.642772870854174982e+01
8.898458979648326306e+01
8.620204796213334930e+01
8.952094514957389038e+01
8.255080103476714726e+01
8.413039442245818123e+01
8.005942849250239135e+01
8.592967578747035873e+01
9.014718332486681618e+01
9.410081691114886837e+01
9.429224348568661185e+01
9.792349345583959064e+01
9.473916726817081724e+01
9.644163764102144398e+01
9.748361399500456059e+01
1.006730105008962681e+02
9.892726448275681150e+01
1.033831912413683938e+02
1.001113318509787149e+02
9.650359990551213230e+01
9.478679738643592145e+01
9.892056142695253129e+01
1.052037919050780204e+02
1.117777857926716081e+02
1.135024610960427225e+02
1.125498870566439820e+02
1.107885120869756150e+02
1.155466919390772631e+02
1.192351091687593083e+02
1.190637393922622067e+02
1.145105228959369583e+02
1.093897691687941744e+02
1.044364399917031818e+02
1.016399174762262021e+02
1.029136461715051496e+02
1.033224262045233814e+02
1.019320483813737894e+02
1.065536207227955856e+02
1.115854856799482206e+02
1.106072049605004537e+02
1.141883821480998051e+02
1.123760970551301170e+02
1.176826018385195454e+02
1.150052517322659611e+02
1.126300288567749845e+02
1.123415553751028853e+02
1.176321589708497015e+02
1.181694178564323039e+02
1.239135633524995939e+02
1.273411290248184571e+02
1.322586167500397778e+02
1.321339381861250786e+02
1.302262269714566969e+02
1.320018721858158131e+02
1.359468632294260431e+02
1.346917325326665491e+02
1.390839972075731907e+02
1.346878441304688749e+02
1.316550140527856456e+02
1.322643883984368358e+02
1.348994812539760346e+02
1.348247175980386885e+02
1.376904709662901780e+02
1.367007945364512693e+02
1.294266642069936211e+02
1.274741732905296487e+02
1.301539563835109163e+02
1.251662778360969241e+02
1.258862149963992181e+02
1.317561068973581087e+02
1.328464359543917226e+02
1.322231344894248934e+02
1.260651276763660604e+02
1.283983102591368493e+02
1.231224684941778946e+02
1.203137355795305439e+02
1.214543524311484362e+02
1.212862270011546713e+02
1.213380371767161705e+02
1.168106239846395056e+02
1.156273879016853101e+02
1.159669392837562327e+02
1.202818686337870560e+02
1.162603765252515871e+02
1.166871077226306568e+02
1.226417796804228004e+02
1.164933987653722625e+02
1.156432689219540890e+02
1.087515003464572487e+02
1.090835412388315007e+02
1.079108972400752009e+02
1.146941144666913033e+02
1.197033985036045749e+02
1.210498716735632314e+02
1.165462211333820619e+02
1.194101616011419367e+02
1.169984749159957715e+02
1.215850455384054669e+02
1.233698666383250213e+02
1.253193307213033307e+02
1.220435793854327358e+02
1.211660615971443775e+02
1.210064404252541550e+02
1.227113967770420260e+02
1.277740087015302493e+02
1.292783879016770356e+02
1.243768405486113551e+02
1.245153430890173070e+02
1.196070134647068386e+02
1.232989619316818590e+02
1.248217914745696362e+02
1.240378200957064792e+02
1.236397032911495302e+02
1.192135529888575007e+02
1.187818284696214306e+02
1.203807094999532836e+02
1.230915808734730774e+02
1.268111502014309906e+02
1.258823913369553935e+02
1.218866035912363799e+02
1.265405134569194274e+02
1.275564934509902741e+02
1.230361294213677894e+02
1.245736799225796716e+02
1.319073827140134085e+02
1.307968086873947300e+02
1.317509422399409402e+02
1.340527381514297076e+02
1.365345936535287876e+02
1.341190689937200489e+02
1.358056188079435742e+02
1.331451532232838986e+02
1.326125080783961323e+02
1.338233145032166647e+02
1.288058146324515008e+02
1.268272407121223893e+02
1.291961641116720045e+02
1.319150580958300054e+02
1.306887811836601827e+02
1.319108532070414128e+02
1.283068604815007063e+02
1.313656576685066284e+02
1.319690102966614518e+02
1.283951819449610809e+02
1.252647804377819227e+02
1.242892362316909924e+02
1.210812222829845410e+02
1.220192322219714640e+02
1.179133691143151736e+02
1.158803325075750195e+02
1.183935044697210373e+02
1.217817601560206384e+02
1.185422640067924362e+02
1.234300990176627693e+02
1.269622642673282087e+02
1.241949942403416571e+02
1.276306491601336148e+02
1.387463487823330297e+02
1.394467842229180405e+02
1.435339940107614041e+02
1.432920457288911393e+02
1.423608290604637432e+02
1.460987275066904374e+02
1.401092682325027852e+02
1.368458810312342564e+02
1.362477762059666020e+02
1.383937324393009476e+02
1.304692255797006624e+02
1.253331771034069675e+02
1.187016741210671142e+02
1.195540413170060532e+02
1.167155792615046437e+02
1.115927029922378892e+02
1.106767333428595776e+02
1.112933228886756751e+02
1.066248623735809247e+02
1.063593301371698914e+02
1.065892305730930900e+02
1.143710447939884745e+02
1.180623656582493766e+02
1.137086355835826765e+02
1.141129522349202432e+02
1.117774264126497741e+02
1.126020333335876416e+02
1.088495535247253372e+02
1.058723084140856372e+02
1.073620993763931324e+02
1.052197557123690785e+02
1.072893458451549549e+02
1.071688346924238004e+02
1.149533897142054286e+02
1.198955052765658138e+02
1.121425677850122753e+02
1.115490022424875036e+02
1.137923000639944036e+02
1.145366760447529231e+02
1.162048492412407796e+02
1.132164951217277462e+02
1.147592721825154314e+02
1.173143054815228083e+02
1.178409303639399752e+02
1.193832906044653299e+02
1.176346290597079189e+02
1.230625692161888765e+02
1.221186883240602441e+02
1.185638889587576728e+02
1.178487744110897495e+02
1.162043619917567696e+02
1.156889703734916424e+02
1.177188667096035317e+02
1.171524536093748594e+02
1.101704330578838693e+02
1.121157977417289260e+02
1.133109740204903630e+02
1.087922582284909652e+02
1.018580339423594694e+02
1.044336245111974506e+02
1.053879665763575559e+02
1.023619814968741935e+02
1.032948436407322532e+02
9.910224421656131710e+01
9.958314459510063443e+01
9.667957762142214051e+01
9.464752450738116352e+01
9.527805780532261792e+01
9.604744027788684946e+01
9.594932505001725076e+01
1.029686262239665098e+02
1.081787522408144611e+02
1.056275152549651892e+02
1.086878948775537310e+02
1.089748634912643865e+02
1.067849550817536937e+02
1.076556562575170943e+02
1.047420530502779314e+02
1.127636142799397163e+02
1.125074435625335383e+02
1.050288146410756696e+02
1.037550809920962820e+02
1.071019330201113036e+02
1.070314320089766511e+02
1.083974301953540049e+02
1.074719317641219902e+02
1.100880243202497581e+02
1.067653370911852164e+02
1.107538407355939967e+02
1.076453448777270268e+02
1.051466280970996934e+02
1.050079190816148866e+02
9.944999856583072528e+01
1.014102265530747502e+02
1.021484658404927472e+02
9.273660256446693495e+01
9.080167797925273021e+01
8.651384521259868166e+01
8.572059425818103762e+01
8.646099377792154428e+01
8.678782861364916812e+01
8.391029492579701810e+01
9.254593500530197048e+01
9.586445437432688266e+01
9.316171764078444539e+01
9.052248739891439300e+01
8.773095617591420137e+01
8.818602986193808135e+01
9.529114323455087288e+01
9.389944814309858145e+01
9.503394270715590153e+01
9.372536888180475501e+01
9.125112772891374391e+01
9.337177883898817754e+01
8.781348175885474916e+01
8.418884215789270797e+01
8.972299668896508251e+01
8.688923642190914620e+01
9.230866196281445468e+01
8.945783378057420521e+01
9.231799871057907581e+01
9.131539956757632126e+01
8.917890864712653354e+01
8.868785239685931288e+01
9.132656075723986078e+01
9.567678957689999208e+01
9.951371296919984388e+01
9.624559944244724363e+01
9.562857899850259003e+01
9.086307191189399646e+01
8.801115012691371930e+01
8.691588030873036530e+01
8.397196125104424880e+01
7.934988276834862120e+01
7.740106068286249297e+01
7.619564914190233651e+01
7.639257019104866231e+01
8.201526093756240243e+01
8.284734110059083889e+01
7.863358288579266286e+01
7.961958588596326081e+01
7.309197540939543103e+01
7.728452181892654949e+01
6.575747158300143269e+01
6.588248579003095529e+01
6.685209935692265049e+01
6.458762334002777550e+01
7.067510567931196874e+01
7.169514722333160250e+01
7.491143540163132286e+01
7.109168510676722974e+01
7.558420613856655734e+01
6.789618287735680724e+01
6.102928852309832308e+01
6.329399405920726451e+01
7.049741222208285762e+01
7.130923613390316973e+01
7.711339111736496932e+01
7.607914127715397967e+01
7.479195349757398503e+01
7.712711635524108544e+01
7.279602095107578918e+01
7.502132486425419700e+01
7.287410616084498827e+01
7.371779600569765023e+01
7.165881812693578468e+01
7.074951836663987592e+01
6.860591023009612854e+01
7.063884922464043825e+01
7.826433589420349790e+01
7.159932136543561398e+01
7.442375138579157579e+01
7.763818273761799560e+01
8.139784045798901957e+01
7.702357870525403882e+01
7.206660165571535970e+01
6.956250429197818619e+01
7.189211487287148827e+01
7.612261328223834767e+01
7.393390958680627989e+01
8.054407625358059875e+01
8.474990796328901865e+01
8.279393998575640978e+01
8.283923230761160994e+01
9.071510839512502855e+01
9.076486920789075441e+01
9.047814500816738814e+01
9.302371009931766821e+01
9.390791877896694473e+01
9.113917802476643715e+01
8.797534818927468336e+01
8.816931096456779926e+01
8.162027734507672960e+01
7.762859347676591426e+01
7.495716129353796475e+01
7.694207465208792485e+01
7.432683024204636979e+01
7.415894633503951638e+01
7.382805268183412295e+01
7.754161019711033020e+01
7.782720911911837902e+01
7.413186939122523711e+01
7.162740400056988221e+01
7.295997687797412823e+01
6.660858992356759245e+01
6.391177736093401052e+01
6.439334868288371183e+01
6.158527413938074346e+01
5.957448483760031621e+01
5.828826725128241293e+01
5.248428897460549081e+01
5.348390490113352058e+01
5.501690637924594540e+01
5.220535062739231336e+01
5.276572783351609530e+01
5.714737844160978852e+01
5.678330674713075865e+01
5.976957205551006780e+01
6.113736535350266621e+01
5.819504523994785927e+01
6.316151009626039325e+01
6.247683638760341296e+01
6.041622205539329116e+01
6.376683051108251021e+01
6.660581246364324670e+01
6.382615583379980251e+01
5.989614438706803412e+01
6.302472646545032120e+01
5.901564659517570988e+01
6.159085219629945129e+01
6.443044509810590625e+01
6.814814188327073907e+01
7.132085238935127336e+01
7.739079436099493137e+01
7.957769178951565436e+01
8.300159512213789981e+01
7.912455548970707753e+01
7.092233534659597183e+01
6.584672706157815014e+01
6.010458437579832491e+01
5.473721972366087130e+01
5.642142346520160601e+01
6.404722337013598121e+01
6.878585833240518355e+01
6.772569332273336329e+01
7.016857342323629609e+01
7.602798896646329752e+01
7.285019707641262698e+01
7.101576365885956932e+01
7.370334401697203930e+01
7.664864983602424786e+01
7.403414531109908125e+01
7.380667307152350531e+01
7.238512611558597598e+01
7.088334081308933321e+01
7.019261593088262430e+01
7.002625513293695292e+01
6.950500736171890992e+01
6.803436539122067472e+01
7.047902810144800867e+01
7.242685995085233230e+01
6.912031747108218838e+01
6.946241050976237830e+01
7.069603103381879805e+01
7.178182643421489217e+01
7.474695682030696275e+01
7.369586105265875631e+01
6.902833281260447507e+01
7.068000664156551238e+01
6.786292707721761985e+01
6.603829989843734438e+01
5.819353739258542646e+01
6.172232263913727479e+01
5.957830479522566236e+01
6.206197403182583372e+01
6.470630908086812383e+01
6.524516371805746928e+01
6.787466913418059278e+01
7.060706814162119827e+01
7.060820996311721842e+01
7.172022981241379114e+01
7.123639376125933609e+01
7.199328662013809321e+01
6.654423322238204719e+01
6.067674851883376874e+01
5.915394396861153581e+01
6.151117011321921524e+01
6.725836884385233816e+01
6.606409463609047350e+01
6.247269244121034149e+01
6.735117619908990605e+01
6.249882802508805213e+01
5.879627856108041328e+01
5.923460989508500063e+01
6.484412237470688467e+01
6.107017476204023154e+01
6.029946825916639597e+01
6.371195387551192368e+01
6.905896397162395317e+01
6.331627084163032748e+01
5.933727702649948554e+01
6.030587749744517367e+01
6.016717526294805651e+01
5.980240276417210055e+01
6.395670675348346634e+01
7.219965401809358241e+01
7.878407311825766612e+01
7.564603021282955808e+01
7.826396051503549245e+01
7.267541296484141355e+01
7.805368292410281583e+01
7.614341411185749564e+01
7.338943655839335634e+01
6.622984167129776267e+01
6.865179459750882529e+01
6.942740599948743352e+01
5.735765660630982410e+01
6.645808049913034665e+01
7.059744849316525972e+01
7.409076035069135457e+01
7.801905184151682704e+01
7.600889726829525728e+01
7.416037925677295561e+01
7.448094844271783188e+01
7.298383826314338307e+01
7.687907619684825988e+01
7.547871837452366606e+01
7.925470582541494480e+01
7.809203505559626990e+01
8.141665785641498587e+01
7.744963312354725815e+01
7.412541478083740287e+01
6.989359697913445757e+01
6.405106954127396079e+01
6.154011559415049959e+01
6.162502601042951511e+01
6.199152596287804329e+01
5.924566815488316252e+01
5.601934492640228314e+01
5.414205775280608890e+01
5.478803984840025976e+01
4.688668664862341728e+01
3.879443828993160537e+01
3.712269927096533451e+01
3.984290674045313807e+01
3.997854166032311696e+01
4.068008177785061008e+01
3.938865053153450901e+01
4.113517925001150388e+01
4.157095617542498900e+01
3.830161457214441612e+01
3.438343622314489068e+01
3.047113625266785064e+01
3.158575540506695134e+01
2.995135010894102834e+01
3.481324349329464951e+01
4.637129346004766717e+01
4.296587870213858196e+01
4.555936804166032772e+01
4.372001313468771855e+01
4.579186839820359722e+01
4.450739964132899473e+01
4.469530660957079249e+01
4.740356679918867400e+01
4.838136713389917531e+01
4.635279290254244700e+01
4.341449431227970024e+01
3.935506588165397091e+01
4.147246218332819012e+01
3.763127400381803511e+01
3.398522054148602933e+01
4.018321909562414618e+01
3.618421606503950017e+01
3.517900851001517282e+01
3.850097349413514536e+01
3.956439144164689736e+01
3.628925364342624249e+01
3.722561287394160701e+01
3.831853235448573258e+01
3.854582953367049925e+01
3.316673331377194955e+01
4.083788240841625594e+01
4.361145866420645945e+01
4.672701499397322067e+01
4.722076990762106874e+01
4.245399334328236307e+01
3.871421492737287906e+01
3.276607825319941014e+01
2.894517442360442772e+01
2.503671791386581802e+01
2.777421443584926664e+01
3.018696085947961549e+01
3.207332716934755013e+01
3.966772511882907537e+01
3.879151014565521649e+01
3.942260877590222634e+01
3.985689365499362680e+01
4.358266104111625339e+01
4.256139099781209012e+01
4.329477732449964122e+01
4.107089091165671846e+01
3.929549877649662193e+01
4.056568926906958694e+01
3.712068279993771114e+01
3.134465809668387237e+01
3.208902575117689082e+01
3.740098165181668577e+01
3.817252449449756568e+01
2.718203507338122904e+01
3.231066803130473630e+01
3.863579872857884823e+01
3.225860304243217769e+01
3.751688892186503921e+01
3.997855645056921503e+01
3.862408529329006512e+01
3.438839083492967319e+01
3.098183988743685902e+01
3.049492029263566906e+01
3.226734916249220220e+01
4.202212395083061836e+01
4.342011540678612391e+01
4.105465185565039121e+01
4.163024426450547111e+01
3.922804840373203206e+01
4.273883259039607196e+01
4.531667113668974878e+01
4.721058948224143137e+01
5.332224794843752846e+01
5.367176247803221401e+01
5.654091459745686166e+01
5.947496476610402993e+01
6.317921580637948864e+01
7.122481485632617648e+01
7.513475176736292838e+01
7.207330894662200649e+01
7.169678698227234293e+01
7.624929339081336366e+01
7.386641026167390578e+01
7.471728191496221427e+01
7.116806548779618424e+01
7.123540374054468316e+01
6.830597013975008736e+01
6.270560556157991527e+01
7.209115969001993562e+01
6.716186255785913772e+01
6.292689994669506603e+01
6.377254969516016558e+01
6.316052760055599435e+01
6.416527764679820223e+01
6.216076481134481213e+01
6.327505138195316192e+01
6.601537334177160687e+01
6.937133565298839244e+01
6.245855843834549148e+01
6.261159313128206350e+01
6.139771453392772571e+01
5.908417920047983785e+01
6.281573498964053925e+01
6.045092695539133842e+01
5.778237270630487643e+01
5.527548142871158632e+01
5.043154731615417319e+01
5.142315958288579480e+01
5.284580811269009359e+01
4.851764244185979891e+01
3.993335342388722609e+01
3.820637163754338417e+01
3.289774655833825534e+01
3.873922174853257872e+01
4.436998709312848632e+01
4.593204537960516376e+01
4.472408213359860696e+01
4.896272091895355061e+01
4.589244365066479503e+01
4.614818523678012241e+01
4.814010137640627818e+01
4.249385405579887731e+01
4.217473504814100238e+01
4.354047051204833707e+01
4.410833405800852347e+01
4.869761278700657670e+01
4.866309819393833180e+01
5.888945482879710625e+01
5.501090558287783239e+01
5.901344617446993368e+01
5.801770950930514914e+01
5.430173270173021649e+01
6.030394911940063452e+01
6.315819020021562835e+01
6.067061621289958140e+01
6.240063610856518750e+01
6.910620611543062353e+01
6.812219913202835642e+01
6.871017256074436830e+01
6.401475888496597122e+01
6.540912987839959669e+01
6.474145744511912426e+01
6.597153723652475321e+01
6.664311483069029407e+01
6.964241590742850008e+01
6.392886273367913219e+01
6.707299186403507463e+01
7.004320466564671221e+01
7.165300168269001801e+01
7.168297844421515208e+01
7.365709574076743138e+01
6.593225866335136232e+01
6.542880213849737459e+01
6.837147627137521511e+01
6.716234481091061070e+01
6.546327897011414620e+01
7.002872289826920849e+01
7.123171422810092679e+01
6.745116241632092624e+01
7.122495606524942957e+01
6.961603711412162454e+01
6.494801849574290031e+01
5.716633271365216729e+01
5.645395706347369469e+01
5.671267769274791704e+01
5.888422545145553499e+01
6.325315727768089857e+01
6.179599444893434423e+01
7.073044494580156538e+01
7.198098245560531439e+01
6.448634657918664459e+01
6.626541921730085960e+01
6.561718774631789586e+01
6.665009049152783405e+01
6.376058082044138331e+01
6.708708802928786952e+01
7.040306524038058456e+01
6.648459123198023235e+01
6.482177846291054379e+01
6.065170057755553046e+01
5.938669609189327758e+01
5.664999423738144912e+01
5.736977655590440150e+01
5.601260670956495602e+01
5.850779609704945017e+01
5.912140803184576754e+01
5.913247813976504830e+01
5.187956458844406882e+01
4.791791737668783213e+01
4.537531638669721445e+01
4.766623800305323755e+01
4.750677208495724813e+01
4.269174319557499331e+01
4.224740589957872317e+01
3.696616008900464578e+01
3.956365684119799653e+01
4.445328047133718030e+01
4.780642480382378778e+01
4.802240644679633164e+01
4.615067009729898473e+01
5.116586547179338851e+01
4.398180580188994782e+01
4.105438943524475093e+01
4.373108077993792620e+01
4.090056006733409077e+01
3.723925069725471815e+01
3.767941678950159456e+01
3.827532335667174834e+01
3.747313780451536047e+01
4.940445709808055597e+01
5.116019693051708828e+01
5.240043932015717587e+01
5.535057705748610601e+01
5.651344478687396844e+01
5.618725996342990925e+01
5.562517839166296341e+01
5.638315583688866184e+01
4.884854841585914187e+01
5.171360398251495383e+01
5.666516243148787169e+01
5.832983996357951639e+01
6.054746978929015455e+01
5.991576668212662327e+01
5.713678547714398803e+01
6.073230523630141420e+01
5.832305149485608808e+01
5.967477992620330696e+01
6.093657663303756067e+01
5.730086720739353012e+01
5.928645116051677633e+01
6.400411587422387072e+01
6.607798822864735655e+01
6.535048966452451680e+01
7.267479007832697846e+01
7.177061398915809320e+01
6.984846504276320900e+01
7.262940729319822708e+01
7.023197784147308198e+01
6.551929708173530287e+01
6.494478709345956702e+01
6.502333720267867534e+01
6.709739080329677563e+01
6.980048127653513745e+01
7.149900888324590653e+01
6.199843971488843408e+01
6.256425906924402369e+01
6.355807502029346523e+01
6.104863328695912372e+01
5.563404108325845954e+01
5.762968017311575153e+01
5.762116736681957008e+01
5.769558005762310415e+01
6.350242341651687639e+01
6.653066180226640824e+01
6.592919012136789547e+01
6.607380279381858657e+01
7.433934747676062216e+01
7.350320653441710306e+01
7.388011073742033830e+01
7.607909545438124610e+01
7.272976734127811937e+01
6.877899171790627975e+01
6.910408250959628162e+01
6.983107017296210017e+01
7.458769867469494841e+01
7.929256357254192267e+01
8.065448731059940712e+01
8.075286716681543453e+01
7.883990646466138230e+01
7.853521724243502433e+01
7.926528068557854567e+01
7.421016484221654252e+01
7.499704628869464784e+01
8.278226527433295701e+01
8.317693052506598406e+01
7.701490284501301176e+01
6.837142162368240861e+01
6.878125853848847271e+01
7.298169563566546003e+01
7.176087181967493223e+01
7.564451287822269876e+01
7.320731774606419151e+01
8.069121762221794825e+01
8.053299131368308394e+01
8.181385065504669285e+01
7.809273855842316436e+01
8.314759882700994353e+01
8.184478267056007894e+01
8.380978882662554952e+01
8.893538033314690949e+01
8.842627483970255753e+01
9.497851206418198444e+01
9.386380438809068494e+01
9.578588385977981545e+01
9.429911736790681687e+01
9.237320110676323281e+01
9.702179947891833933e+01
9.653129757468758498e+01
9.510800805671844671e+01
9.512664842769258655e+01
9.159276919822760021e+01
9.038368804301477155e+01
9.169279419950112242e+01
9.295814023333879561e+01
9.367154657122006256e+01
9.475215640693036789e+01
9.435010582773077203e+01
9.475593983752463600e+01
9.620939856310168636e+01
9.442192174589672504e+01
1.014485456243465649e+02
1.035767809890053144e+02
1.024543095955410337e+02
1.024341597863558491e+02
1.024644037836675921e+02
1.008044205333228263e+02
1.028781981938240051e+02
1.037145340350426750e+02
1.008266088340565574e+02
1.032806757487912819e+02
1.064572668989596025e+02
1.083339146055596984e+02
1.026189074449345213e+02
1.011978374955891269e+02
1.042411579315714789e+02
1.049818902426121525e+02
1.045786614139093302e+02
1.117932552907487747e+02
1.022363163814482903e+02
1.062084352760665666e+02
1.048519072378545332e+02
1.046857597802481763e+02
9.723232885147481852e+01
8.971773636235988647e+01
8.810506550442961782e+01
8.617342305221524157e+01
8.451373396175202402e+01
8.398084889544932707e+01
9.137815624058455910e+01
9.274353601978408790e+01
8.755718364409939625e+01
8.689243333411531012e+01
7.932302533936550049e+01
8.332307295861932062e+01
8.666694721173730898e+01
9.124018867902404395e+01
9.172562531574266131e+01
9.272661810825202622e+01
9.237642679226813414e+01
8.924504843507487806e+01
9.326121730279992050e+01
8.894984097746748830e+01
8.627118738188131886e+01
8.365000592969116155e+01
8.025106294710387544e+01
8.471847297601166815e+01
8.437303506525115893e+01
7.836944159162126766e+01
8.137137288205256880e+01
8.128850572031726074e+01
7.640799861277638172e+01
7.872813918790505738e+01
8.158478657848914395e+01
8.380522801305870928e+01
9.000021404590455631e+01
9.565680835484798195e+01
9.585384470303307580e+01
9.648695505807029349e+01
9.953796710796129332e+01
9.885323227385842415e+01
1.000003168671415779e+02
9.892343562052606387e+01
1.000325471933483925e+02
1.037853311417924260e+02
1.077220622507095982e+02
1.050128364683301356e+02
1.092154178603573911e+02
1.083248687472778897e+02
1.032483075089499778e+02
1.034189134981814391e+02
1.043871943015467849e+02
1.052444384062480793e+02
1.048693186197831437e+02
1.025181624150195603e+02
1.013336428741254025e+02
9.987035579832902954e+01
9.922846595796883662e+01
9.726276373248866491e+01
1.016059510748088712e+02
9.927771004243018638e+01
1.007134391992315727e+02
9.773945763840738721e+01
9.240291976086544423e+01
9.865366807419525230e+01
1.003161391901454635e+02
1.003980937449235000e+02
9.420216853150223812e+01
9.508859162247836139e+01
9.957929504192965453e+01
9.994501856971820075e+01
9.728039376053057197e+01
9.446726296176895232e+01
9.726142955981829630e+01
9.854433798026336433e+01
9.929947569700372867e+01
1.038578811997466005e+02
1.077547781778843614e+02
1.049937236322849827e+02
9.869962384604265537e+01
1.022606154504324962e+02
1.047696654661657902e+02
1.089288849651534576e+02
1.097105434657534460e+02
1.126918909419313763e+02
1.197397097391129819e+02
1.193249949449460274e+02
1.209154207696701064e+02
1.246306478832458140e+02
1.197457208859890585e+02
1.211370781904952736e+02
1.210096661695856994e+02
1.218319953172897812e+02
1.189748245309753969e+02
1.169809356188821994e+02
1.222422418997940667e+02
1.165731403579238048e+02
1.193385001186390468e+02
1.197866665889968090e+02
1.212826291369299554e+02
1.153241422397206577e+02
1.167190109742255828e+02
1.184532032698094071e+02
1.193535635494181122e+02
1.203390598377345668e+02
1.207702753780607168e+02
1.160176625743606422e+02
1.158133683229946911e+02
1.082996354998845305e+02
1.106918484161924852e+02
1.065513658805883495e+02
1.011403341876693389e+02
1.058607890590808438e+02
1.085469581806679145e+02
1.079565361039830975e+02
1.110652025001667766e+02
1.039946817303084572e+02
9.730497591898429732e+01
1.014543617570299574e+02
1.048220645098168688e+02
1.077460719698709539e+02
9.482419131656355660e+01
1.031566019412313153e+02
1.015999023716502592e+02
9.777456357071845616e+01
9.948463675245940863e+01
9.757647523943542467e+01
9.458555494416431486e+01
9.920259682956562131e+01
1.030148558349069816e+02
1.037707975143073469e+02
1.019032957752170745e+02
1.055392867579556935e+02
9.406710983620932609e+01
9.555964174857096793e+01
9.955746864816362063e+01
1.011790664820963883e+02
1.039107343212749583e+02
1.033677012906880464e+02
1.047556529043527433e+02
1.101466530087745070e+02
1.138805449248001480e+02
1.133234445186669177e+02
1.090402647745536200e+02
1.100675572251073646e+02
1.077929859191026338e+02
1.046484083327826227e+02
1.018654337245814503e+02
9.906024455961969011e+01
9.535122949523477587e+01
9.268133361592737174e+01
9.651195354025442441e+01
9.603341273077580809e+01
9.832064172468093943e+01
9.443935851742938326e+01
9.720007180009106662e+01
9.279103117374293674e+01
8.482297378108978592e+01
9.243022231233150876e+01
8.775677969389288080e+01
8.508415779604843010e+01
8.061216482242517145e+01
8.224377332867776147e+01
8.852821280085892397e+01
8.628392900575339297e+01
8.135288726640624191e+01
8.319432665681897276e+01
8.361535371773658198e+01
8.318577317392470150e+01
8.654670298049401822e+01
8.793281234654354250e+01
8.677763983645341739e+01
8.200018698427483343e+01
7.696019295187747389e+01
7.313555160098883334e+01
7.582260219535758949e+01
7.178364663596707373e+01
6.279965329719107103e+01
6.107004068702687505e+01
5.880796857049336523e+01
5.978487140009148959e+01
5.658047466202308584e+01
5.931241269027447771e+01
6.299234774758746624e+01
6.198472692982032584e+01
6.938419011358445232e+01
6.411871084170775248e+01
5.931934269961615058e+01
5.745490753073467971e+01
5.559529563980491673e+01
5.954613147114417870e+01
5.832314606759526754e+01
6.274674740738046808e+01
6.456460825194697861e+01
6.128442449014727345e+01
6.303535532839666899e+01
6.490574449213033859e+01
6.242769754133399829e+01
6.673055743274672125e+01
6.555169360592181249e+01
6.329649769856963104e+01
5.468315961038467776e+01
5.271614270030916316e+01
5.003964511352884870e+01
5.502792231546079194e+01
4.773884940392690623e+01
4.501071079669750929e+01
4.887427196903036020e+01
4.908122183096411817e+01
5.856871173379886386e+01
5.861567717901968422e+01
5.913761551071415568e+01
6.236743255143623799e+01
6.270029184976458936e+01
5.759850794452624712e+01
5.120924066907168992e+01
5.577251090111163734e+01
5.735062500208245950e+01
5.696221110822620659e+01
5.771276900599285398e+01
5.974031488693763237e+01
6.067572268830876681e+01
5.677909951251280773e+01
5.777797563299243677e+01
5.549443502662563077e+01
4.567508539372681042e+01
4.697949442725495572e+01
4.512284378132390117e+01
5.255364308784452021e+01
5.386249117568116418e+01
5.052224942817489506e+01
5.006127330278786758e+01
4.693365104996876624e+01
4.776700302445597401e+01
4.212004032643180551e+01
3.773302364824485267e+01
3.569016654699986901e+01
4.093195361258238307e+01
4.568845450174639922e+01
4.450551150225424379e+01
4.813743086282000405e+01
5.113501646123820166e+01
5.318948727239715879e+01
4.818418060736416919e+01
5.387507157226457366e+01
5.466763614833956098e+01
4.853576107163636522e+01
4.928214959099927484e+01
4.636352090553927496e+01
4.545650548479194697e+01
4.427670785459614677e+01
3.844378016384985131e+01
4.788887310344596671e+01
4.681091103324886404e+01
4.606416197660846734e+01
4.722824797083612935e+01
4.759058697345196975e+01
4.567835293044702638e+01
4.135458566216524190e+01
4.419001825601047528e+01
4.181933831055818018e+01
4.908169668302510047e+01
4.836953785024823560e+01
4.197327220625878397e+01
3.693443328531296288e+01
3.806455473518636268e+01
3.157140601130557300e+01
3.184207891007027769e+01
3.589477666554581958e+01
3.299193974596372669e+01
3.290722578281145161e+01
3.141043523968197348e+01
2.965789649878994183e+01
3.234904635703570364e+01
2.479630120244445024e+01
2.646757632725131160e+01
2.561392044464595941e+01
2.208436607684056696e+01
2.791889710964784399e+01
2.839814746357533437e+01
2.667267784050891066e+01
2.010405155018361611e+01
1.826263114800126175e+01
1.946442287824624628e+01
1.505641309105832448e+01
1.007918793981120231e+01
9.215397042343825618e+00
1.626801376486970341e+01
1.772666874387923031e+01
2.148646298563219403e+01
2.095594087706519915e+01
2.304913966379776724e+01
2.213616970371445802e+01
1.635401507501280349e+01
1.224608210186590007e+01
9.000965191194755022e+00
7.104764899895253727e+00
7.971241838722509243e+00
8.896528120824500618e+00
1.345590748723367014e+01
1.382581458814884279e+01
1.355097269493466072e+01
5.337300133112519163e+00
9.487273516198257539e+00
3.003761081773493657e+00
7.989775955258353157e+00
1.346090494242049473e+01
1.550751181206454987e+01
1.732201422696821425e+01
2.356143575267327606e+01
2.928696019794437078e+01
3.036915878049303430e+01
2.840423112536389638e+01
2.951558496332687298e+01
3.183852907970334201e+01
3.023783204231732569e+01
2.754746126156991082e+01
2.677178149601576962e+01
2.159788404253184879e+01
2.794173087781025089e+01
2.471099532780479535e+01
2.822906861391470201e+01
2.292755483410005723e+01
2.104066260615807593e+01
1.785967550439272244e+01
1.759406123213726403e+01
1.733883138205164798e+01
1.843630210553224558e+01
1.492924588026295751e+01
1.861907778260658120e+01
1.705934327051276966e+01
1.186200267605534009e+01
8.917408532066328775e+00
3.593324900189910132e+00
1.008980037753474335e+00
3.980170236276377338e+00
6.070976989961502923e+00
5.308173077465166756e+00
4.942865682731867771e+00
6.272249098777908927e+00
5.815631433866852440e+00
7.521010679339089400e+00
1.696425438277739417e+01
9.965739135515317315e+00
8.731569081452271064e+00
1.068377726041518017e+01
6.489451809828406859e+00
6.051114132235876575e+00
8.055949228772572468e+00
1.276791121336247770e+01
1.140011604306730852e+01
4.291992566748159987e+00
8.701893141643992635e+00
1.144586017589197269e+01
1.602458578870374950e+01
1.613886026102060001e+01
2.059428527311957779e+01
1.724411284015034340e+01
1.906955276456011816e+01
1.350685443970247945e+01
1.145393617898291794e+01
1.066025195044879048e+01
9.728548167279576830e+00
1.697480862669782198e+01
2.147653566841982453e+01
2.650889337419019398e+01
2.491314537311300725e+01
2.510163094285443108e+01
2.489282709210781874e+01
1.917087185650675352e+01
1.624666186770704712e+01
1.840398098133010762e+01
1.772441624061966436e+01
2.104513967895226401e+01
2.396728524890588474e+01
2.407431982501559631e+01
2.635849464000574471e+01
2.921377557057831709e+01
3.258195457642593595e+01
3.690879057658291629e+01
4.065988507862118695e+01
3.924707210725537010e+01
3.951343206228877136e+01
4.073612171964236950e+01
3.937559366104312630e+01
4.463415966372441801e+01
4.369586749655415048e+01
4.380811699873085985e+01
4.068485714839739131e+01
4.639860340360397828e+01
4.282308060904934166e+01
4.210778108492063154e+01
4.417504409194097548e+01
4.406610070034827942e+01
4.115673818532026473e+01
4.418830547896780558e+01
4.100292254666382519e+01
3.995789577940231396e+01
3.835254690609655626e+01
4.243392529637162625e+01
4.334815325827978683e+01
3.754305892079008800e+01
3.640362216576890830e+01
3.471081968825198771e+01
3.096909839603776149e+01
3.228100650547531814e+01
3.113006833566156928e+01
3.232704568087515185e+01
3.397021613835389786e+01
3.967084088447318635e+01
3.753134523091819119e+01
4.231206865162142350e+01
4.427533290297520097e+01
4.378255012616098441e+01
4.248083990974320301e+01
3.928863712090503668e+01
4.592243638982314735e+01
4.471535498913797113e+01
4.203927071510615576e+01
4.408864566289080500e+01
4.442283304041860958e+01
4.195129893784462638e+01
4.915747136107788151e+01
4.318679449975995510e+01
4.010348974933547339e+01
4.313678759526415973e+01
4.386930501336047428e+01
4.333220901420056492e+01
3.674569568800582431e+01
3.563122523189154123e+01
3.197860662517544128e+01
3.281062670011501581e+01
3.567892463492851363e+01
3.560774651871648189e+01
4.018773573152556366e+01
3.596246100580149374e+01
3.455783101625998910e+01
3.235265352625498991e+01
3.351590532393554156e+01
2.899881904653091880e+01
2.127575730513956387e+01
2.194717208488098947e+01
2.163354066637719342e+01
2.558519090394221251e+01
3.053965729228052339e+01
3.439599050340471109e+01
3.991617788788576604e+01
4.443279960796272121e+01
4.730053344985053343e+01
5.423258762722721826e+01
5.801226820976503973e+01
5.919818534478662997e+01
5.760908149211785201e+01
6.401396868145558017e+01
6.362076216165346665e+01
5.946307859223468029e+01
5.727637537600691076e+01
5.051025923150304919e+01
4.492671857770452704e+01
4.743186406770419694e+01
4.760320133455707747e+01
4.510201826826493487e+01
4.865872903961885498e+01
5.391712470280891978e+01
5.266062215844486616e+01
5.540024268690401499e+01
5.261809144587571296e+01
5.661349023018684079e+01
4.913673431734511610e+01
4.493577527936473359e+01
4.494410145444658156e+01
4.648607090969081668e+01
5.462196369993729661e+01
4.760666823203383302e+01
4.460991344304034101e+01
4.644411223170263270e+01
4.218085610522705053e+01
4.336774900892726237e+01
4.418108447039026032e+01
5.081994525961464859e+01
4.536548407907572766e+01
4.485903638437260099e+01
4.311016180917231821e+01
4.666954637874344058e+01
4.970684511653855964e+01
5.272762544558115394e+01
5.822779898559086575e+01
6.097854107046396166e+01
5.944325228284895957e+01
5.746411390341501146e+01
5.759006287907963895e+01
5.779656277413240417e+01
5.306326736769607777e+01
5.630182583096157600e+01
5.503488531180898491e+01
4.502698246001327220e+01
4.098956144205853747e+01
4.218936006000115668e+01
3.689869969452611542e+01
3.166126112048555186e+01
3.177361756185177910e+01
2.940594696693474219e+01
3.726429123218353823e+01
2.999482384415765068e+01
3.151245246996639437e+01
2.751896910433907806e+01
3.038622275195122313e+01
2.524359409989331837e+01
2.454092163111743119e+01
2.952766113758036326e+01
3.050132593569180628e+01
3.448707809603970986e+01
4.044929271707620444e+01
4.194288441593734973e+01
3.682239294808283603e+01
3.403408751600423443e+01
3.891504612623121773e+01
3.277292619359972292e+01
3.376319473306114816e+01
2.903634213263901742e+01
2.469934452277261272e+01
3.254415674574966033e+01
3.560751290795237622e+01
3.527920105784071581e+01
3.043309459118338012e+01
2.353735834421706130e+01
1.887488365004945834e+01
1.949690649645958018e+01
2.014597425611033188e+01
2.215904939940734764e+01
2.571570629489070114e+01
2.432969560367027029e+01
2.577425094385541371e+01
3.153147557145468483e+01
2.796969911964525224e+01
3.644649489761970074e+01
3.876233545406169156e+01
3.796621707516369781e+01
3.998022733762165615e+01
4.247122486400135699e+01
3.818895940293771929e+01
3.975679590119342066e+01
3.111920255422679560e+01
3.404885762267232252e+01
3.676433836781751552e+01
3.677892877877116717e+01
4.019796052727105007e+01
3.639808991867069210e+01
3.702941599222081237e+01
3.781037169676812937e+01
3.199016591809780508e+01
1.979583081164192748e+01
1.534049741360897201e+01
1.822316098355008762e+01
1.441477573078248753e+01
1.506278811173161891e+01
1.564429218856347781e+01
1.182299669822692678e+01
7.202446160199470704e+00
8.980614748392328650e+00
1.691327289350817864e+01
1.909634889906239863e+01
1.392981420923364411e+01
1.102286442949794498e+01
1.255686840979526053e+01
1.242026869699937031e+01
1.608102949673017434e+01
8.834817225140485064e+00
1.267577962492004851e+01
1.261043270372965885e+01
1.449182213498753313e+01
2.007621450047001588e+01
1.597780420519600497e+01
1.734911620975645619e+01
1.656551593723137117e+01
5.635640663844595721e+00
2.922722871909412046e+00
-5.341168911087073035e-01
-1.662054782959871302e+00
2.878308085415112849e+00
1.112754403677879367e+01
8.835519077737592042e+00
1.509183838240342190e+00
3.477833707425162402e+00
3.921054031775566884e+00
3.233927378794787089e+00
2.553131722291988481e+00
6.939451818963786600e-01
5.045759494863990113e+00
1.263842966414256530e+00
-1.143243442291128176e+00
9.423537815728422196e-02
-1.115318759440175889e+00
-1.132927790754137298e+00
2.621434725924749465e-01
1.300417449791215985e+00
4.526022164862536279e+00
1.160676424689742525e+01
8.001627123189830826e+00
7.109448997148038352e+00
1.096247027235566485e+01
1.256028967575391775e+01
1.340916951265969459e+01
1.199832954645440708e+01
1.082898524187382350e+01
1.879855347058372317e+01
2.010788780373254170e+01
2.457512587136755045e+01
1.961211708829417333e+01
1.555941720126882721e+01
1.602864945453346479e+01
1.315249522218170419e+01
1.185351819933585382e+01
1.140361443336301051e+01
7.396106911087554359e+00
6.691351285146363459e+00
1.064284781156795034e+01
8.091281622579607813e+00
6.726342330172399464e+00
9.046996477259838798e+00
8.733705200881621167e+00
7.432131847927040624e+00
7.325389914003160641e+00
3.344023989941267594e+00
1.702311556818420613e+00
3.030275823092747345e-01
3.954270240465890929e+00
6.911455360550329274e-01
6.042089532436351718e+00
6.788955925287718962e+00
7.656660465186086562e+00
4.566978793691013117e+00
4.790777627067749123e+00
7.826529201201200436e+00
1.278562370210012844e+01
1.181111161684613187e+01
1.362713582690202685e+01
9.818223908817653722e+00
1.136409554459475402e+01
1.090325773822702615e+01
7.309814159751573115e+00
3.965780947237025345e+00
9.195093923444467521e+00
4.918669194871967854e+00
3.268982865739897825e+00
3.214633357313841699e+00
1.015430080830452830e-01
-2.007424471726233062e+00
-6.761942927428453487e+00
-7.445370388138536910e+00
-8.631188419870202466e+00
-5.675124498304592535e+00
-8.500482737362396790e+00
-1.084555017869527660e+01
-1.108147986549515629e+01
-9.693961256008739369e+00
-4.289488964974584206e+00
2.343478433544198936e+00
2.310419999991264461e+00
3.884612193586668205e+00
1.053349744107834596e+01
9.648602294506149590e+00
1.429867601047047998e+01
8.742896824194485106e+00
1.056750413666508237e+01
4.841706910999925562e+00
3.769323795186383386e+00
-1.725936051629073376e-01
1.003084668239690780e+00
5.764823914215260636e+00
1.163846360552496151e+01
2.046033063771179172e+01
1.654357322041149914e+01
1.861027454628482047e+01
1.786190552520980646e+01
1.902617289411851331e+01
2.701116772007874900e+01
2.424184252897987335e+01
3.028248692136534714e+01
1.815726605523875037e+01
1.497026761276563889e+01
1.637016151621616800e+01
1.474417452500709658e+01
1.169066203595782483e+01
1.218829881526642467e+01
1.332673229883748967e+01
1.528280765807340202e+01
1.265608488578569357e+01
8.470690136939877490e+00
1.019635760539266300e+01
9.997088734311422087e+00
1.356463370081442932e+01
1.079051859950694059e+01
1.592086539742542683e+01
1.777353537996156163e+01
1.989771548156927139e+01
1.025927511101474998e+01
1.602642231452275468e+01
1.713651475859204609e+01
2.130135950717169280e+01
2.351736605641420041e+01
3.077206001493081899e+01
2.752671698541866974e+01
2.890632061419923815e+01
3.034908010367508879e+01
2.495655823734801615e+01
2.197405787110971076e+01
2.390765620805169789e+01
2.644600852384755640e+01
2.348637930727737455e+01
2.201285017060313720e+01
2.487134368572130327e+01
1.931949960674092637e+01
2.781015018309898323e+01
3.138132554631875237e+01
3.354826372707375981e+01
3.760406656469898934e+01
3.947254173895389329e+01
3.316474808653406114e+01
2.729548413145290908e+01
2.988348012015152833e+01
3.219757991565106892e+01
2.748755676832224282e+01
3.164228964462907712e+01
2.828178808674740452e+01
2.628120751678592626e+01
1.847951591768195456e+01
2.332215163279215631e+01
2.113345326609438501e+01
1.872019878995949327e+01
1.868754426007354397e+01
2.451750870217467337e+01
2.516224184528570973e+01
2.260354653435557282e+01
1.814862993817430237e+01
1.182233574684575217e+01
7.021697096138694860e+00
1.008060600863166911e+01
9.467366544331845546e+00
9.089680936055801297e+00
1.279630361785103609e+01
1.209522543019775043e+01
9.519625115314841679e+00
1.175977205514396218e+01
1.358884330170390697e+01
1.126949290470343001e+01
1.402361733597542148e+01
7.892649348897916362e+00
1.512777609177920368e+01
1.475605946178792571e+01
1.268938235408787740e+01
1.785062204430089849e+01
1.807598483425320168e+01
1.485189258055684114e+01
1.317769178516573092e+01
1.073653294449710316e+01
1.128191196080284264e+01
1.106522715030561699e+01
1.513367276796944694e+01
1.601586308031715689e+01
1.848315323120881004e+01
