1.000000000000000000e+01
8.004971452450933000e+00
5.325871009548277968e+00
4.582893038640599492e+00
6.898977385979101484e+00
2.530188240435918168e+00
6.546428549421737131e+00
8.125424187839499268e+00
9.764396488084214454e+00
1.034763097707791957e+01
1.681806108811517930e+01
1.341348003279548706e+01
7.731661101546313475e+00
1.436007484004536394e+01
1.542668970615306989e+01
8.604720917895088306e+00
7.855018535976364014e+00
1.179030819330602142e+01
1.222650764655720401e+01
1.372859530630982761e+01
2.018234715697483495e+01
2.902510566019865479e+01
2.954501950862804094e+01
3.003358531773274009e+01
3.141487925448787522e+01
3.426844690632927382e+01
3.442900352350815041e+01
3.503342074109380633e+01
3.732443993857153686e+01
4.110636241042787020e+01
4.202116710703618452e+01
3.895872027944695759e+01
3.629851959548017248e+01
3.688014382630387900e+01
3.587897485242831408e+01
3.860814471548425075e+01
4.065003643948552536e+01
4.178131424877678768e+01
3.696366131119282983e+01
3.682310303405439811e+01
3.734985088779403384e+01
4.026079936315291263e+01
3.800785222195403179e+01
3.611181311964160301e+01
3.492599321779712085e+01
4.047324997941208125e+01
3.817407830834915217e+01
4.643404524632602204e+01
4.652497339741184135e+01
4.088935479600419143e+01
4.602979628429361014e+01
3.870319603794875718e+01
3.195991386108320143e+01
2.968121002325697333e+01
3.612514381185677337e+01
3.597716489358625580e+01
3.106791449030279040e+01
3.404125013652191711e+01
3.217054159948537517e+01
2.832048887038614993e+01
3.346803103604260343e+01
3.743490066279627371e+01
3.810827521548888797e+01
3.866455446433847243e+01
3.946611433919875367e+01
3.546272579739709130e+01
3.883953660972993305e+01
4.036350752173778744e+01
4.036824594362954599e+01
4.049228492837751503e+01
3.899256536112568483e+01
3.598005581878473436e+01
3.541045958862180498e+01
3.444235912380304399e+01
3.714901900375371468e+01
3.167166721473078184e+01
3.434489123471152539e+01
3.854525388767727634e+01
3.583340445732025614e+01
3.628408002502586527e+01
3.568889201016715873e+01
3.346355590722312456e+01
3.302429025196142476e+01
3.668995271114431489e+01
4.189526271379867239e+01
4.150117534669060149e+01
4.773931454016233999e+01
4.851348838826534404e+01
4.629742505399377706e+01
4.505111831592399341e+01
4.300161314651543876e+01
4.284168813309358370e+01
4.300760878814362798e+01
4.988858615187476175e+01
4.648366211122682046e+01
5.050252500245371579e+01
4.525466013663022125e+01
4.624714164110318393e+01
5.057666484923957739e+01
5.237956768262376528e+01
5.534489342570820725e+01
5.420926237624293265e+01
5.049229990764165166e+01
5.464789174605583355e+01
5.603512088821067039e+01
5.261002516327797451e+01
4.533107186752032192e+01
4.344437751151768623e+01
3.721094452218848403e+01
4.313613278905668125e+01
4.511683019643028558e+01
4.849888455422613021e+01
4.833088377576790151e+01
4.858407473069761551e+01
4.960157727315664999e+01
5.438005445029269680e+01
5.900012007819357507e+01
5.948091849714248980e+01
6.196661449791707810e+01
6.245549724385193713e+01
6.151830152314181532e+01
6.705143423851956186e+01
7.017373174292534088e+01
7.393042998272005661e+01
6.976878814496376435e+01
6.652327241449776807e+01
5.846361367339227399e+01
5.623347106294846753e+01
4.779408138969741771e+01
5.714682472894835996e+01
5.801144623825285862e+01
5.538314260176139214e+01
5.102902316932249960e+01
5.185924090056841607e+01
5.479570543226627422e+01
5.601870082693960740e+01
5.491807392549830524e+01
5.558447996636001420e+01
5.408482240253857753e+01
5.159884262722168558e+01
5.757577451585321882e+01
5.364443660098321232e+01
4.624529372850967235e+01
4.423696093651307848e+01
4.904405003498979454e+01
5.411726043791475860e+01
6.058828007620752487e+01
5.626141319785924821e+01
5.772744094798100178e+01
5.700725847581560402e+01
5.851204810730806827e+01
6.794596244896163739e+01
6.768172120629226640e+01
7.146604364577802926e+01
7.300101070831142636e+01
7.487157537582234568e+01
6.871955935167466123e+01
6.555049204342896019e+01
6.228947518076076051e+01
6.366394064020486354e+01
6.470884729515657341e+01
6.993806204474060451e+01
6.949784828653170621e+01
7.011612740770823393e+01
7.675446299429532360e+01
7.023197871149154992e+01
6.853893872766195727e+01
6.692597671337765064e+01
6.846993643464833212e+01
6.963087144787367322e+01
7.611368827564172079e+01
7.357841968114081510e+01
8.014709574447333296e+01
7.891413418648556899e+01
7.820774082740562960e+01
7.551283186861009256e+01
7.849349580391333348e+01
8.263446948328031283e+01
8.661707430152749509e+01
8.488277905824369896e+01
8.270901961344068809e+01
8.272279283761106683e+01
8.663642704304986353e+01
8.961844361417769278e+01
9.050214191566482214e+01
9.396564119287936023e+01
9.287610903271904306e+01
9.178202693550235836e+01
8.955705864665368665e+01
8.930163818623277905e+01
8.833518552741840324e+01
8.605160808628326663e+01
8.049608182032656600e+01
8.490463461300926440e+01
8.752845462295040591e+01
8.239719501477887320e+01
8.541996512330347002e+01
8.513641620226989914e+01
8.247312946630215436e+01
8.006995369008130581e+01
8.003759363935171223e+01
7.984706342735096030e+01
7.400789897236529669e+01
7.566475956871114761e+01
7.412130843793406143e+01
7.136183067483224818e+01
7.212231798118185111e+01
7.057345453056075257e+01
7.330129947089538689e+01
7.204370134860855046e+01
7.683088615404987820e+01
7.492962093691426162e+01
7.813450330559598456e+01
8.254283454233728889e+01
7.670159414328219327e+01
7.474217850326128598e+01
7.395413753946704105e+01
7.140174264917742164e+01
7.281425766330266924e+01
7.269668470982581709e+01
7.072817271586536947e+01
7.134758947391654260e+01
7.312608833270765274e+01
7.585994936663530552e+01
7.838653234647713930e+01
7.236635376906698980e+01
7.742886427697777663e+01
7.707716942860368192e+01
7.006964395508930465e+01
6.707383387829526100e+01
7.658067015352416718e+01
7.492984655236361391e+01
6.936273460916005718e+01
6.957229257704472047e+01
6.833952527047868841e+01
7.107554098887867156e+01
6.464495197786011715e+01
5.972643882204763344e+01
5.588718662529641534e+01
5.730275490154571116e+01
5.675601071687754740e+01
5.643357758531500679e+01
5.485131436001147165e+01
5.428457677278324667e+01
5.365427231486972914e+01
5.087139446587291047e+01
5.397406976170062620e+01
5.227221802095336756e+01
5.303899108818317387e+01
5.171338569010826092e+01
5.425658755487535956e+01
6.176451281505077873e+01
6.072161895881476568e+01
6.084445420605219823e+01
5.853482117762196424e+01
5.630030341468336275e+01
5.983118720456456430e+01
5.489812390355346849e+01
5.605555054384681313e+01
5.817531383058603467e+01
5.629016649575719811e+01
5.276372805523718057e+01
5.194947141348598763e+01
6.096937102852247392e+01
6.926858508384324864e+01
7.400157218764866229e+01
7.843106747192027228e+01
8.469632347496273894e+01
8.444033884012212354e+01
8.067962032431543662e+01
8.045452225095381493e+01
8.410383151231395971e+01
8.488628300341045474e+01
8.880254046003494750e+01
9.050640621736853575e+01
9.063675453978794394e+01
9.221155858143212924e+01
9.648841041624797299e+01
9.070259730464687209e+01
8.353356127474751247e+01
8.402572167539680947e+01
8.101055519487867684e+01
8.481000247910529311e+01
8.135894466832212402e+01
8.018960411926272513e+01
7.894883972331560074e+01
8.050498017713312038e+01
8.034635833301148011e+01
8.609782176168135948e+01
8.025850313964892280e+01
7.792590363334743131e+01
6.775979706411375503e+01
7.088095094438899935e+01
6.952817833369537937e+01
7.429898131079980317e+01
7.770446511204052342e+01
6.918483852783991495e+01
7.125330569983132989e+01
7.133779285073948984e+01
7.661957243139369211e+01
