7.584129518310684048e+00
8.286113648235504670e+00
8.570967326310892531e+00
5.423465782455788364e+00
3.495178875481792069e+00
2.794384922601629739e+00
4.702608502909128241e+00
-2.764179439162414376e+00
7.808615937333387436e+00
-2.464013774162147286e+00
-4.707727647048853825e-01
-6.367800555480984670e+00
3.448836906642359867e+00
2.034397872801896767e+00
-4.391338174763458113e+00
1.382436204358323817e+00
1.561717958103427950e+00
-5.036404072152302902e+00
-2.016340741241616996e+00
-2.512757744125499570e+00
-1.020967286198331614e+01
-1.774835121571343777e+01
-1.727891477145120547e+01
-1.333982782061161387e+01
-9.457116051473397178e+00
-1.183869983198399467e+01
-4.730147627853991565e+00
-4.106913488520672395e+00
-1.211569669178228992e+01
-1.295318266992485512e+01
-1.391192295601418394e+01
-1.061896178183223327e+01
-1.252837822420512026e+01
-8.552410577464291563e+00
-1.829432179295662664e+01
-1.166761372159058574e+01
-1.605073448736510144e+01
-1.967973557659571426e+01
-1.291322060036607589e+01
-2.429024211133107514e+01
-1.586520014109306231e+01
-2.753897463372967280e+01
-3.276931640625119257e+01
-2.610560176108691621e+01
-2.712375612776333611e+01
-2.233490405656582567e+01
-1.297881644735296547e+01
-1.530176427716511434e+01
-2.120093147248343257e+01
-2.102081863565587838e+01
-1.923688585834697662e+01
-1.642247413658965627e+01
-1.190297607805212365e+01
-1.061580238011999278e+01
-1.327189337557106619e+01
-9.176020384257933316e+00
-1.352206562998953032e+01
-8.533370996962331034e+00
-6.851664714238641096e-01
-1.500803765995844419e+00
-1.047999726353016081e+00
-6.032580963415288267e+00
1.857896207007386558e+00
-8.255105489264515484e+00
-6.399982242619612904e-01
-8.323499156292793799e+00
-1.818962245633776620e+00
5.788951217118759374e+00
5.837365606604990376e+00
-2.288497458222237046e+00
2.901920661541046442e+00
5.954596430904679494e-02
-5.170995978764640455e+00
2.521804978420562726e+00
-4.677435000085079508e+00
-6.313049435626784778e+00
3.136062974934814118e+00
-5.262966006672245012e-01
-7.648613696508843596e+00
8.879160791757168880e+00
8.159556386401639827e+00
3.044426413624839789e+00
3.447463536776023130e-01
-8.409107107266308390e+00
-8.214019536976120861e+00
-2.005983571605601590e+00
4.111907349933516365e+00
3.365727082506448031e+00
1.190157650350142582e+01
1.084075648535216807e+01
1.533891823924021836e+01
9.989270386571375226e+00
1.103630526936088607e+01
1.789730902317006667e+01
2.037129542312717589e+01
2.395146097911197458e+01
2.262608231863917752e+01
1.710222487832335148e+01
2.033919291963137965e+01
2.162316472854287852e+01
1.870567337391766216e+01
2.510437342687176354e+01
1.773519572068691375e+01
2.042163433188637001e+01
1.647825889176445457e+01
1.334156766000542049e+01
1.497471078791518195e+01
2.103312499503616806e+01
1.900277359575034453e+01
2.117383663199189314e+01
2.051871611454280853e+01
1.873527779914170566e+01
1.473650410034634461e+01
2.844962881351418460e+01
2.753526160245491994e+01
3.416778023723526303e+01
3.343349648214248049e+01
3.609017142664045252e+01
3.032710087118151776e+01
3.286836628380027037e+01
3.829488951497149429e+01
3.689378760720683914e+01
3.767889398390893518e+01
3.715203007699194160e+01
4.288576515760293262e+01
3.771181996973751183e+01
4.249487745066118549e+01
4.965385275784093011e+01
4.698591601679120089e+01
5.015808312941248914e+01
4.521727482316743618e+01
4.588875550483751198e+01
4.650139831831716464e+01
4.577249659688565231e+01
5.570331105816341477e+01
5.382742445279307475e+01
5.071422904584182589e+01
5.537176979679132671e+01
6.713586742636853444e+01
6.709433636168489556e+01
6.894565650840677051e+01
6.769039664171420156e+01
8.069091479075042628e+01
6.710194526662142778e+01
6.543367624014983619e+01
7.665659019519843298e+01
7.134006147141373333e+01
8.605425430009303511e+01
9.055703877809266089e+01
9.764908016482932851e+01
8.905960876423876016e+01
7.646943259568129747e+01
7.552875306768090979e+01
8.752381213119036829e+01
8.394751360743899227e+01
7.731585915315120872e+01
8.309868053857417181e+01
9.027615686207688839e+01
8.841974646362348267e+01
8.370560758858914596e+01
8.478422689117445543e+01
8.347925125975434923e+01
8.244680134152748963e+01
8.323035799638080334e+01
8.231270989770514745e+01
8.833356355477842214e+01
8.539544443568820498e+01
8.709566007734267146e+01
8.215416031024201970e+01
8.650178291584694534e+01
8.314384067449108784e+01
7.823014715358195303e+01
8.950583212095006047e+01
8.242753111076326888e+01
7.618557709039757242e+01
7.025054228964235392e+01
7.664125280792254102e+01
6.134570560631752301e+01
7.065100658375614273e+01
6.784362737622286943e+01
7.047212075492726058e+01
7.144402939871868341e+01
6.577591808469425416e+01
6.839163303681090156e+01
6.561818928927610273e+01
6.855323474620789170e+01
7.037825565842885567e+01
7.559275735895911907e+01
7.620714075162253209e+01
7.806884079939403875e+01
7.924259543664945227e+01
8.900692797620325791e+01
8.091487666118936772e+01
7.986627103788541149e+01
8.414239127875544000e+01
7.788320489554145354e+01
8.569009258666721962e+01
8.616460947145236560e+01
7.717067394682703707e+01
7.975814384706964688e+01
8.890923627887545422e+01
9.328106946784502895e+01
9.906544021166392611e+01
1.000194452152673819e+02
9.871529045557001325e+01
8.796450353586783422e+01
8.219122143124286595e+01
8.484922813893030025e+01
9.147460281469390964e+01
8.980257462110388644e+01
8.775071916981080733e+01
9.728322958948967880e+01
9.637146343879773269e+01
9.343154616327568363e+01
9.736089161566580685e+01
9.728212813912440993e+01
9.847001908130927461e+01
1.048547544121914825e+02
9.903108967065487889e+01
9.671399172178951176e+01
1.013452733182231640e+02
1.030889367401611310e+02
1.047950196519653190e+02
1.088794527298374817e+02
9.955238069808831369e+01
1.071202486024667166e+02
1.080515885593482324e+02
1.137903146810462687e+02
1.117223109539716859e+02
1.121265060635546860e+02
1.051035699935422514e+02
1.015475022365095299e+02
1.006954264390463578e+02
1.095809800865527706e+02
1.095701630821317991e+02
1.191543530939849376e+02
1.203491474921114701e+02
1.176291737456544695e+02
1.132743875405274707e+02
1.145919938526041477e+02
1.184221116810022636e+02
1.254963927411961890e+02
1.243001682757314370e+02
1.350340375924903924e+02
1.362398124350296200e+02
1.269766899609575574e+02
1.272636868711463762e+02
1.305883550906411870e+02
1.274510797664526649e+02
1.335540703003725014e+02
1.267886830623413772e+02
1.237443684255840992e+02
1.342182975080288543e+02
1.359619989300892939e+02
1.366022706906359474e+02
1.279840661561029833e+02
1.433498816342872431e+02
1.454555713159924721e+02
1.485866356542631195e+02
1.455868348796408327e+02
1.557083245218737488e+02
1.493855210496859058e+02
1.525009470167637460e+02
1.511940130165207279e+02
1.428393250439508222e+02
1.413107548921362877e+02
1.403538663368956065e+02
1.393986937457023885e+02
1.400359685648011805e+02
1.347787593044828327e+02
1.378128935462980280e+02
1.368327508875732974e+02
1.325996314454230856e+02
1.245399102825280551e+02
1.311009680701322395e+02
1.273557091968508814e+02
1.361010067791083316e+02
1.361745370403600646e+02
1.407639644428417682e+02
1.431010549864477639e+02
1.429851328688196475e+02
1.416003148187276395e+02
1.345478462034227221e+02
1.336030407067468389e+02
1.358022644254679392e+02
1.342046526645642359e+02
1.279278824325825354e+02
1.208391990227860049e+02
1.302679555601484935e+02
1.321805905928847267e+02
1.382977004481581957e+02
1.406922956187867157e+02
1.403761703936587537e+02
1.434592165913552719e+02
1.477594308549394384e+02
1.546297783927986131e+02
1.518262733565343297e+02
1.534400502510991657e+02
1.579134792509525482e+02
1.500652216386768885e+02
