8.657905730721530801e+00
5.288244972933636490e+00
6.200281901444727239e+00
7.524837252197757564e+00
-5.395633695219192560e+00
-7.043132018846319120e+00
-2.646228123310969238e+00
-6.222656853751709072e+00
-1.229279020151559543e+01
-7.104972703829510294e+00
-8.090021386252471913e+00
-7.371011803689521358e+00
-2.162091204157861668e+01
-1.325150813968518015e+01
-1.711112103050058408e+01
-1.196289607840530778e+01
-1.982156267506309177e+01
-2.687427754311386963e+01
-2.651603356321056992e+01
-2.577826546668549312e+01
-3.399102726796537866e+01
-2.677540190768150907e+01
-3.323151086195638726e+01
-3.596208546610105117e+01
-3.011621953965692811e+01
-3.709016703499820977e+01
-2.827996293372947889e+01
-2.741914389990413881e+01
-2.857852194733622042e+01
-2.245562233514863237e+01
-2.668879161586271564e+01
-2.771845504986651676e+01
-2.187954733011009623e+01
-1.828402213321724190e+01
-2.564523413875622637e+01
-3.692183965015862412e+01
-3.660247898407704525e+01
-3.666290731789757729e+01
-4.019786046041464544e+01
-5.184221329372290654e+01
-4.349770278448056615e+01
-4.818472211326915300e+01
-5.069794699826622519e+01
-5.277069188570312264e+01
-4.452766351647499476e+01
-4.879953693235209045e+01
-5.387562147114743283e+01
-4.566579856406699633e+01
-5.209183687963762566e+01
-4.905299117560394961e+01
-4.289671178820892550e+01
-3.988006197038667011e+01
-4.622778470140912788e+01
-4.085410254453918100e+01
-4.103571889657548866e+01
-3.553888306940432784e+01
-3.752595100071081191e+01
-4.446951400076865468e+01
-5.957166380527240790e+01
-5.099651005794928693e+01
-5.923257285356901747e+01
-5.012023407623659921e+01
-5.070090261466587833e+01
-5.832922217450931157e+01
-5.427509858596966552e+01
-5.648290708924533732e+01
-5.352027804965577218e+01
-5.168363840913840335e+01
-4.424509945792853216e+01
-4.722453506477843632e+01
-4.026553128838107654e+01
-3.770843562377176283e+01
-3.813528491450714597e+01
-4.934275504492873665e+01
-4.809422622891830201e+01
-4.782616004796281572e+01
-4.285345695917444431e+01
-4.112302383276755791e+01
-4.607237345306944576e+01
-4.937223140383803610e+01
-4.550097447170863063e+01
-4.521550315432044442e+01
-4.734009316198115869e+01
-4.688630434409890313e+01
-4.262997424780075306e+01
-4.828407195569580779e+01
-5.091040863223359025e+01
-5.674241440926556379e+01
-4.607893582138792254e+01
-4.286081394418209101e+01
-4.419386494755124772e+01
-3.232128026963486889e+01
-3.347478466937823782e+01
-3.049199341211133429e+01
-3.861304153115897009e+01
-4.713136560366352512e+01
-4.782369439201828243e+01
-4.150760186876235025e+01
-4.373383340334522984e+01
-4.970764801394143717e+01
-3.744905065510145192e+01
-3.492703734073512578e+01
-3.447415468601355570e+01
-3.407691525952699152e+01
-3.171909052023455899e+01
-3.068953808535604821e+01
-3.438216217631732263e+01
-2.012658332170871489e+01
-2.802194727951632203e+01
-2.353361424130851987e+01
-1.943338437732141344e+01
-2.085539517581142022e+01
-2.384765116227105253e+01
-2.769006795298853163e+01
-2.954029344932076739e+01
-2.518111722587488543e+01
-2.385388448921374049e+01
-2.316849646246320660e+01
-1.645934745029315138e+01
-2.635483703979449288e+01
-3.138678497141792434e+01
-4.280402268861099202e+01
-4.270811022033331028e+01
-3.687934576455182167e+01
-4.227526058516689034e+01
-3.690829778143930184e+01
-3.142768409658287254e+01
-3.532951101247963521e+01
-2.205911470409502684e+01
-2.919797813744827053e+01
-2.109945300806912272e+01
-2.857913437481994379e+01
-1.434500257075814922e+01
-1.705799111399595702e+01
-1.908777878475895662e+01
-2.983591277834458211e+01
-1.822765683361200217e+01
-1.156492060716613857e+01
-2.065118596600257206e+01
-1.206060121730574863e+01
-7.410867882860172173e+00
-1.067852826774183228e+01
-1.281829305860084922e+00
7.352999443955786418e+00
4.542796549078472523e+00
2.859208432942997202e+00
1.651683942153835716e+01
1.397835895038039844e+01
1.621839954409887952e+01
1.670368563958722063e+01
2.282649966216132853e+01
2.841137521048741377e+01
3.511594633298429358e+01
2.772587464540371727e+01
3.389019696581496532e+01
3.472941270703699956e+01
2.859046411780523300e+01
3.185248267389251353e+01
3.247298249900544675e+01
2.768033659828295612e+01
3.778828723605200679e+01
2.462038976254210709e+01
2.490611367287553080e+01
9.780014677177923943e+00
9.470445634643404276e+00
1.125535256370488923e+01
8.105206025974371897e+00
7.889793355318281520e+00
1.769508482729106902e+01
1.643171192839552930e+01
2.487010859881451807e+01
2.068246546970686950e+01
2.700086232865546165e+01
3.552915859302275692e+01
1.982782904316400163e+01
3.088159513758520802e+01
2.991661467514073180e+01
3.010420595434650437e+01
4.597605415934251027e+01
3.921531433500402386e+01
4.109304584020783579e+01
3.869589469236441914e+01
3.920102648262589895e+01
4.535622422177134183e+01
4.746991410464774930e+01
4.605354554745768780e+01
4.307896098681846553e+01
4.972804579779871403e+01
4.440556645887860299e+01
5.159117303557193424e+01
4.491132633657633022e+01
5.351089586006699506e+01
5.156699450303796084e+01
5.436841010612948821e+01
5.480895736840147237e+01
5.395291902530663464e+01
6.454613484146561575e+01
6.750982724260168766e+01
6.483870404102222551e+01
6.412700944302056882e+01
6.799954000997259129e+01
5.710027705348111482e+01
6.437507102533589887e+01
6.465356598226912865e+01
7.550361474777582771e+01
7.135207055649190977e+01
6.397085465883844790e+01
6.971021341541462846e+01
7.774372641097826886e+01
5.909451413917709317e+01
5.997012871834938608e+01
5.747574543743210995e+01
6.248941966294630390e+01
6.320279648629988856e+01
6.604602069623373950e+01
6.389618073271452658e+01
5.985823731495927547e+01
6.298174943218225508e+01
6.141174639933164059e+01
7.368853622756648747e+01
7.298315857405199836e+01
7.082910092439445293e+01
7.413585808656000609e+01
7.334328953383965199e+01
7.603112867399914876e+01
7.385894700029768956e+01
7.981140876234290715e+01
8.048302469312892526e+01
8.220510626261643949e+01
7.426647273194592458e+01
7.878227438188466181e+01
7.788545456161367042e+01
7.208963488510281081e+01
7.018407103130751068e+01
6.953002598761102604e+01
6.678659165731751557e+01
7.585882485131921271e+01
8.341335918155364482e+01
8.486744653923084059e+01
8.720837186429305632e+01
7.950349256708224743e+01
7.861826134846133129e+01
7.701310662660586104e+01
8.334485270109996691e+01
7.704543643335149739e+01
8.556159239584290788e+01
7.185060833307093731e+01
7.639134348491199944e+01
7.517246080593723434e+01
7.927185923987181582e+01
7.709014302007585684e+01
6.628321935603197801e+01
7.554585460854194423e+01
7.904521863458656128e+01
7.401194460782531337e+01
7.118149255737702674e+01
6.720618931894793491e+01
6.716668321687396315e+01
6.802696768846615782e+01
5.930468985273201810e+01
5.456594908118251652e+01
6.217338234419415244e+01
4.763769562237997945e+01
5.439531706554308244e+01
5.052367657450835736e+01
6.456899082094473385e+01
6.186105688186655982e+01
6.739818793586997003e+01
6.190648731535607396e+01
5.208337122580338274e+01
6.168849032953487210e+01
5.333034618708435914e+01
5.080898128515880785e+01
6.256001404909095243e+01
6.862067295299846137e+01
6.109383828635893110e+01
5.674570498787259254e+01
5.812215157779565544e+01
5.183774565671325973e+01
5.675149490286384690e+01
5.595299039268812891e+01
5.331701235414873707e+01
4.525727003002010917e+01
5.606616777476001801e+01
5.640581009968580162e+01
5.732872651412951370e+01
6.362120293390727710e+01
6.707489756279304061e+01
6.160070988565426120e+01
5.375553557206406907e+01
5.553658877655834658e+01
5.472730732550316901e+01
5.550564156596659160e+01
5.917669708289874109e+01
5.785970861102025253e+01
5.755864113498677170e+01
5.843785042279969133e+01
6.012198571669676284e+01
5.943294187726472444e+01
5.105029488608463595e+01
5.567970221668852560e+01
4.820276273080191487e+01
5.273764148122393891e+01
4.583421224384420611e+01
5.055719889864736416e+01
4.247798684267097968e+01
5.253841575872113623e+01
4.686248872669473542e+01
5.059698982819679713e+01
4.310957228654154960e+01
4.623744624489176402e+01
4.202737313285488341e+01
4.302016116350417718e+01
4.800493322084040670e+01
4.061255235253241125e+01
4.022180703753216591e+01
3.821884579699760565e+01
3.918629705135681007e+01
4.568121581785231200e+01
4.236738931094888017e+01
5.226872521647732128e+01
4.198417936400021944e+01
3.987427250815775892e+01
4.614574669814358288e+01
4.402016359362320941e+01
3.448741364132637699e+01
4.570817446500150538e+01
4.533493837110937363e+01
4.433936698782503782e+01
4.192174151326903342e+01
3.090257148742025706e+01
3.602018861463098887e+01
3.211853525228738704e+01
3.702106402843087807e+01
4.544849285460258415e+01
4.329205407633524771e+01
4.443557707083017760e+01
5.063720878959613714e+01
4.588341326548376742e+01
4.827363629279897594e+01
5.204255648373946030e+01
5.448871484747967742e+01
4.783942789049271482e+01
4.399039677074652843e+01
3.925169614373076854e+01
3.727768121763493525e+01
4.400678792434150211e+01
3.478916535211215688e+01
3.483533287478523732e+01
3.696881628532604935e+01
3.786345951940818821e+01
3.114878961688541636e+01
3.287647153374352627e+01
2.523122553422452086e+01
2.587792697019875021e+01
2.409110748266153479e+01
3.214246334090685053e+01
3.875972388946917135e+01
4.301822138780406135e+01
3.684423669245082067e+01
4.150232893394618827e+01
3.927334259808085903e+01
4.097145123142298928e+01
3.920640658054742289e+01
2.649856521447682312e+01
3.336977939712701868e+01
3.824267557256691674e+01
3.228693180570921584e+01
3.505738275070982013e+01
3.940291896894572687e+01
4.435443897995821061e+01
4.284201027914277660e+01
5.420242040872802392e+01
4.423040215165109146e+01
4.683977918441296850e+01
4.685041814188986820e+01
4.328355523680556871e+01
4.618125027733994870e+01
4.074179923507961121e+01
4.492008585813118771e+01
4.534821878223508662e+01
4.887018959375252791e+01
4.431643287239948137e+01
4.524940280166271833e+01
4.222615712036957802e+01
5.577358295716034320e+01
4.633120865607958194e+01
5.100081407679839174e+01
4.716685855702666430e+01
4.966414710035225255e+01
4.821251673339048693e+01
3.526930968523705445e+01
4.376269165998500199e+01
3.940896824517381702e+01
3.774715547986085795e+01
4.753789718856445035e+01
4.972598744765094381e+01
4.354127927423090227e+01
4.548443213422878983e+01
4.333490278375754912e+01
5.501093521234501793e+01
4.057241231063122200e+01
4.697218458468236690e+01
4.890575780183185373e+01
5.049220720593464051e+01
5.150156171283716589e+01
4.728091385647392997e+01
5.111363651797920937e+01
4.517385903358849930e+01
4.617114802234817006e+01
5.414089635710000437e+01
5.802710484392137147e+01
4.861171479362476333e+01
5.567172439264583517e+01
5.989059584100957068e+01
6.259258237822479032e+01
6.278239888994439610e+01
5.935399817222329943e+01
5.665890372925060348e+01
5.585415462692695598e+01
5.182735482093609392e+01
6.090321635875459805e+01
6.172831398181087792e+01
5.447951500239419431e+01
5.854128730936584191e+01
4.906776956258783429e+01
4.282270845993873820e+01
4.141190962618767202e+01
3.592922721020099175e+01
1.996919212499852136e+01
2.326216893113401341e+01
2.412663988054487163e+01
2.587318926422443255e+01
2.062530709020009922e+01
2.000970934223554920e+01
2.418255718996256576e+01
2.145244802458505973e+01
2.176083876786441706e+01
1.951031861905019937e+01
2.288934611956766574e+01
9.156394222972936703e+00
1.476489933860497317e+01
5.250749006241081318e+00
4.490646606215289438e+00
1.848219210791031131e+01
1.496686069078942438e+01
1.129425917923115641e+01
1.643922461110463829e+01
1.979177313708090225e+01
1.402505671798655662e+01
8.578024003706349987e+00
5.923163608295686444e+00
-4.831370202271191516e+00
-7.039033957385727902e+00
-1.236453901132760214e+00
-3.290515260336105641e+00
-8.517777913764767561e+00
-1.534105953867627825e+00
8.553625065280080264e+00
8.542094162168742955e+00
1.582354515258064254e+00
6.392538559046562874e+00
8.384852635734850068e+00
1.378100831912437663e+01
8.866015995366064217e+00
8.174276550366935012e+00
1.268735748523169704e+01
1.387502534960269784e+01
7.518594432801674721e+00
1.532218870885652251e+01
1.197961959086388006e+01
9.362024113092848765e+00
-2.390283642264026120e+00
1.092265615517531785e+01
7.027228563483660650e+00
1.172373992960520894e+01
5.111137302526425508e+00
1.146175883309519605e+01
8.507249372887793371e+00
1.495528484764855293e+01
1.363671012739280997e+01
2.248609662370779816e+01
2.528482903434957052e+01
2.600222277893114509e+01
1.832262408621096483e+01
1.611041412047973154e+01
6.219481565966790804e+00
1.229330873995502493e+01
1.391063028654245848e+01
9.655363109670417998e+00
1.539955606487418471e+01
9.536626088331860984e+00
7.714412477502523124e+00
1.688357655629804199e+01
1.280579647352202777e+01
6.731202781864654483e+00
5.823634637277345760e+00
3.665371426985428727e+00
-5.225565342643763156e-01
-6.824716991467584037e+00
-5.952969396929134405e+00
-8.947844307190466751e-01
6.019819062953210675e+00
1.082116029579101735e+01
4.131596061601021219e+00
7.023678617038976668e+00
1.008113697857423752e+01
6.679539674004058014e+00
1.186961429546544267e+01
8.931416860917158473e+00
1.434604774206012934e+01
9.388709767722444255e+00
2.218474739904955584e+01
1.756822870703928530e+01
2.165820513422212201e+01
2.889428403774223852e+01
2.480308142702583041e+01
3.008271410761880205e+01
3.345324080505348263e+01
3.526062028224023948e+01
3.016989205217588932e+01
4.058173827404646516e+01
4.291272759395000946e+01
4.125399362492417055e+01
4.461339820710767157e+01
3.150188026028562405e+01
3.093006085794867843e+01
2.133631242778466941e+01
3.728825911803287596e+01
3.854107367085157421e+01
4.338298560018962036e+01
5.353726778305556167e+01
5.224006398074880053e+01
4.321997676612290462e+01
5.194527772899867557e+01
5.547985184999055264e+01
5.291888061951526367e+01
4.366764675109786253e+01
3.792448424565024823e+01
3.030910425592954027e+01
2.072404489058445165e+01
1.786202905710127453e+01
1.528719072516028454e+01
1.653064679419937022e+01
2.626675934708338644e+01
2.373604519328286955e+01
3.028874388250094896e+01
2.951404472508589194e+01
1.665733593007032098e+01
2.115808053898440377e+01
2.596994105181278556e+01
2.200320066027604682e+01
3.524313190745512259e+01
2.355551123877206976e+01
2.545557232975051321e+01
2.628540322129855511e+01
2.889090850079885087e+01
3.717370783237160481e+01
3.393194180970754559e+01
3.135814317425749920e+01
3.261497551324364252e+01
4.549766160301793150e+01
4.225028533584041668e+01
4.659229735334822919e+01
4.499084591883294593e+01
4.156443183052696355e+01
5.724083052878548017e+01
4.540975003590312298e+01
4.952571728383978922e+01
4.732326904343522500e+01
3.927568701903806669e+01
4.227001595620410512e+01
4.205520589004277099e+01
3.572036304355440706e+01
3.598467292350515123e+01
4.554851580228429953e+01
3.914899831867757030e+01
4.567813439439756706e+01
5.214976089534066972e+01
5.300847649196930433e+01
4.911318224851681435e+01
5.010001026851389128e+01
4.597839076873430741e+01
4.616613467289406714e+01
3.950930611019428795e+01
4.508064379204490280e+01
3.512276381626678301e+01
3.972918414178941049e+01
4.329599166135162136e+01
4.179326369734865665e+01
4.606984686072526358e+01
3.763176058660749845e+01
4.526651202167412436e+01
3.407859397127231915e+01
3.365102899387714785e+01
4.186260790343871463e+01
3.894834750139273183e+01
4.797055624560705667e+01
3.163871114431509568e+01
3.301066226502341294e+01
2.703523677038350215e+01
2.714480113464312794e+01
2.798195563328001256e+01
1.788929906961335803e+01
1.229474268734301567e+01
1.492158269192874442e+01
1.634935252439369435e+01
1.329870179599015323e+01
1.685348560392940698e+01
1.452682174676483839e+01
1.314605607802828757e+01
1.407320725837449160e+01
1.814624080960858876e+01
2.880044486690299621e+01
2.399918086577539000e+01
2.262502111391783899e+01
3.106759815849227380e+01
3.923251364381340522e+01
3.841256689700851013e+01
4.043822979850374111e+01
3.372526485938627872e+01
2.657245800414863979e+01
2.369180904346887573e+01
1.605746115751307812e+01
2.162800413418390733e+01
3.089372347814117603e+01
2.840945795742132063e+01
1.839584718446157297e+01
1.632004174721285494e+01
1.226878356577412532e+01
9.510579547337419726e+00
5.880986537620700005e+00
1.508527333460172670e+01
4.980676290910759363e-01
7.484047253694868118e+00
-5.402295796210796475e+00
6.103577382808743401e+00
-5.120335625421246206e+00
-6.977636374942480124e+00
-9.540798535770569799e+00
-3.677357541238697625e+00
-7.659142598175158412e+00
-1.450766217645754885e+01
-2.113119062095534417e+01
-1.975949324995593415e+01
-2.210986388502580269e+01
-2.061696213317830484e+01
-1.305104808406808026e+01
-8.288139883025202437e+00
-8.087061808898214466e+00
-1.340380379368349573e+01
-8.725905045687710526e+00
-2.945096662007141042e+00
2.740851759122580500e+00
-6.492838084117145137e-01
-3.924881238927284244e+00
5.856366165134113899e+00
-7.356790483657357882e+00
-3.913170165332846562e+00
-1.120322494306660488e+01
-1.100986201364658257e+01
-9.867533842566956537e+00
-8.809432789210374537e+00
-1.565178525858969749e+01
-1.681487210938089660e+01
-1.042285585630243006e+01
-2.030190411813678253e+01
-1.515665514537270298e+01
-1.079624877103196390e+01
-5.690293506411663316e+00
-1.126654862838684501e+01
-6.455051583169512774e+00
-1.091201538286201966e+01
-1.624162190863390620e+01
-1.120170988857048222e+01
-1.436920789617476402e+01
-1.330069789614428366e+01
-7.588585365422491513e+00
-7.568968972554199759e+00
-8.051929367116198222e+00
3.236329273836602738e+00
1.367086562746539968e+01
8.199039446647036655e+00
4.587130031400771024e+00
1.951742262131631378e+00
6.120217527846110173e+00
4.975451660094578621e+00
8.872557264848474290e+00
1.693930127182061085e+01
2.306905967255898204e+01
1.726842938595525467e+01
2.011132641048088487e+01
1.171959566465884350e+01
7.165469787224756359e+00
5.604832760758933219e+00
2.843496366657420893e+00
2.988541934822805057e+00
2.212190803855321519e+00
8.409648886756082575e-01
-9.852236716245680981e+00
-8.065446664701811486e+00
-3.300374801134279501e+00
1.832565741198418863e+00
6.385773400744463757e+00
1.252327350381080961e+01
1.065654913805560255e+01
3.897901168571999531e+00
3.033443636644382657e+00
4.116004769876758118e+00
5.569227382561320105e+00
4.969706365974053242e+00
-2.009242876850101389e-01
7.830652575221165534e+00
5.313984485541409342e+00
7.116012922490060788e+00
-9.101755102866926350e-02
7.475893529751962419e+00
-7.440065595635063644e-01
1.489262024604679269e+01
6.377627164092894319e+00
1.287463590352331799e+01
1.996444890392520577e+01
1.745979333143861467e+01
2.569907753632528014e+01
3.483136881887636349e+01
3.249899501982043404e+01
3.018262263374885990e+01
2.767965852041145070e+01
2.329323561155974787e+01
1.561983295304154318e+01
2.430564882483063371e+01
2.958080450046178456e+01
2.835364239206072057e+01
2.102935010505139957e+01
2.906374520961381336e+01
2.731855679235635037e+01
3.459069409115730309e+01
2.903204385563007861e+01
3.064134235078280710e+01
3.116961076839383438e+01
3.336227510495663040e+01
3.893067717009786577e+01
3.063980649880483753e+01
4.145451687774771443e+01
4.065919622930562127e+01
3.591839771568562867e+01
4.254097569601996298e+01
4.002606300199179401e+01
3.727803805463003073e+01
3.200778310873457144e+01
3.413934564928827342e+01
3.157695113713993251e+01
2.556562995760808832e+01
2.260817843407865979e+01
2.241816570070107062e+01
3.093657170784435451e+01
2.831690961711883148e+01
2.524705768643573833e+01
2.430001187341258273e+01
2.168579354538920256e+01
2.444786095814977500e+01
4.088720836510413648e+01
3.253038739409599600e+01
2.199022016151835501e+01
2.287909903423564373e+01
1.486656243650398856e+01
2.150428048758450217e+01
1.448477026173313931e+01
1.110884177329752553e+01
-2.606118788833362121e+00
7.632807980106177670e-01
-3.141741737644875521e+00
-4.618671183365226085e+00
-6.176908329943094245e+00
-1.152580450418029834e+01
1.605263283751613645e+00
3.091473333214445063e+00
-7.845517066715741450e-01
6.397595995166496685e+00
6.009582936309353585e+00
-3.440241775338066521e+00
-2.372302804820681565e+00
-7.343434267124466786e+00
-7.843212264106295351e+00
-1.650185902840900809e+01
-1.369376857598854969e+01
-5.291100023195187241e+00
-4.974077459916843580e+00
-1.194281678235389110e+00
1.173127313801798355e+00
2.223897247872248073e+00
-1.313879720233365633e+00
5.272670542353037337e-01
4.168355667080831495e+00
5.308231694398583222e+00
8.802704080513402474e+00
5.864522264746604208e+00
1.884794222551304799e-01
5.135890043982403341e+00
-3.300287360191259900e+00
6.528902917180252174e+00
8.999220076353426023e+00
1.062630279525339816e+01
1.639423518678786706e+01
8.357598374087103821e+00
-6.133212400911721041e+00
2.542666922706873223e+00
-1.092729803915077680e+00
6.124547070752521805e+00
7.575378280000104603e+00
7.724041575902476531e+00
9.153534573824114062e+00
5.874038638675941115e+00
1.175911771420221541e+01
1.219378132409306659e+01
7.519638465990877485e+00
4.290084722267843986e+00
9.789649187711582101e-01
-7.907516059369064543e+00
-6.742715981048473139e+00
-5.037957320141618567e+00
-7.003652829618275177e+00
8.372674702431240235e+00
-2.851690730501934112e+00
1.939810260194239744e+00
-4.786582009935305138e-01
-1.010245914998391825e+01
1.226738820990260326e+00
-3.676633540130468170e+00
-1.279616843220235722e+01
-9.458992001195227317e+00
-8.750041601060665641e+00
-2.906285588665222797e+00
-1.045520340525463254e+01
-1.156360344056159839e+01
-9.576345972218158309e+00
-1.199581446509879967e+01
-1.207750803239592763e+01
-5.901059674480956474e+00
-4.399765234075397657e+00
-8.373940395538570058e+00
-7.837536212110037148e+00
-1.040306980580707297e+01
-7.768134868144617400e+00
-9.568937007240242210e+00
-8.350665684051049809e+00
-9.921954225638732083e+00
-1.371969705020853691e+00
1.836208310416414413e+00
6.367164956625348538e-01
7.028195637001296348e+00
2.229684540922600888e+01
8.459200741302469240e+00
1.064740565298815511e+01
1.577890809247548987e+01
2.018683180179807124e+01
1.952455210357863535e+01
2.043969558360652172e+01
1.207864360055907227e+01
1.964980485631676643e+01
1.348766173981432459e+01
1.635598443055161511e+01
1.720425994473833597e+01
5.707852762017679105e+00
8.995707883707030561e+00
4.070963604661971935e+00
1.120840812689944777e+01
1.144441137723227797e+01
8.152819547883286333e+00
6.498211622326242498e+00
3.586994854151377865e+00
-1.474221462001541916e+00
-3.061964542934388245e+00
-1.296369355549236069e+01
-9.231719496339795938e+00
-1.369979849191513921e+01
-9.598233941537973379e+00
-4.631304227375968807e+00
-6.293816681407910174e+00
-7.921281171888790773e+00
-1.087662110501058876e+00
-7.956127665627647616e+00
-1.209519178526899275e+01
-1.001988604131362237e+01
-1.752238906105972305e+01
-8.162718086334827206e+00
-2.593447896695561194e+00
-9.283117881834568763e+00
-1.036627937078628925e+01
-1.312275466625205667e-01
-1.606277053053965531e+01
-1.111717851649353861e+01
-1.499248971527641849e+01
-5.489611854997211715e+00
-5.495595949857968954e+00
-2.514397879713115458e+00
5.691971497399415103e-01
3.350636509173004818e+00
1.396064618774641453e+01
1.096216045671980588e+01
1.313763304948327271e+00
1.052985364636872312e+00
5.725390565021835521e+00
-4.937100169715553655e+00
-6.410032380972381816e+00
-1.336612641690186720e+01
-1.073888722919229011e+01
-5.382435847343713498e+00
-7.129431152412774253e+00
-1.399035294748850689e+01
-1.487819558259413455e+01
-1.993295788104779831e+01
-5.602472512565209506e+00
-1.439369981367194384e+01
-1.140019547574554792e+01
-1.135832588049471781e+01
-1.310133831488973044e+01
-9.463654363063474406e+00
-1.015219682075947638e+01
-1.115692213426564905e+01
-1.236457597048344326e+01
-1.068138028306126053e+01
2.072326716899939303e+00
-1.548058581188548777e+00
2.223150660197994011e+00
1.093871029402220962e+01
3.875498354295186410e+00
9.583361583916255810e+00
2.318588668279667075e+01
1.524321725302445785e+01
2.061901959909518212e+01
2.366870986126994225e+01
1.482545411609776309e+01
1.467936747527972763e+01
1.689181803567218410e+01
1.511641745187319685e+01
1.168204598670587657e+01
2.921574218575608839e+00
1.345274477964021465e+01
2.603896627138626574e+00
4.065140565970876807e+00
-4.332397765434263803e+00
-3.473838199356948930e-02
5.405557611103093407e+00
1.563034614624073448e+00
1.836461006214772596e+00
5.954366217718217058e+00
1.177330838750859598e+01
6.752499639475142423e+00
1.559199460430840789e+00
4.511858555253740022e+00
2.387292137296654815e+01
1.603515382028200875e+01
2.219316883839736576e+01
2.251758643939834315e+01
1.802595082831934548e+01
2.356122310290701449e+01
2.447552715681581503e+01
1.355490969574232096e+01
1.740577660125757475e+01
1.373438550812806014e+01
1.368325964813059947e+01
2.163973812935625674e+01
2.629427402425375959e+01
2.074621274092747925e+01
2.995809204287581906e+01
3.865578010784036422e+01
3.035649605466385026e+01
3.603427023727495282e+01
3.708821956954601262e+01
2.943112147326912620e+01
3.034765744705411805e+01
3.390673182000669783e+01
2.186482182772798666e+01
1.953764662826879572e+01
1.767255916796690585e+01
1.960670653750477399e+01
2.257906037842268177e+01
2.580163533310396673e+01
3.221964388511745625e+01
3.026223301544017374e+01
3.844673253038072147e+01
4.216434387607872480e+01
3.631009865860941233e+01
4.309863720044049273e+01
4.519805678727093579e+01
4.697205267704034526e+01
3.933768671010597728e+01
3.549741983660712208e+01
3.442143092836523266e+01
3.934737921775298730e+01
3.532060413367675977e+01
2.927465072122046053e+01
3.590187295260603406e+01
3.283643744627342898e+01
2.660940537546847295e+01
3.648868709704616720e+01
3.433912246999271645e+01
2.989481732963113103e+01
2.623996767957121889e+01
3.338500099609450444e+01
2.827784950924443663e+01
2.888773464125427637e+01
2.363891069309005744e+01
2.679391472611564495e+01
2.976232802800473110e+01
3.428425404671225607e+01
3.420094326144462826e+01
2.974082253491181760e+01
3.575198279304859028e+01
3.443645205290880540e+01
3.586459503309642827e+01
4.120307260795657811e+01
3.228718900255925917e+01
3.575780769083333865e+01
3.831733480186883156e+01
2.238978022524697664e+01
2.399929177217413212e+01
3.507604255212741862e+01
2.879238373768096793e+01
2.895637425792460107e+01
3.504799693533762195e+01
3.529422876319517144e+01
3.922808054313406245e+01
3.592928637304789419e+01
3.879487964426002833e+01
3.658200533673093702e+01
4.783656756339468785e+01
4.165891034504211632e+01
4.075757277294133019e+01
3.465020928319135862e+01
3.395116601974380899e+01
3.012056420564379522e+01
3.952056929402147034e+01
2.832151133918704033e+01
2.620854204106896290e+01
3.173410984329757767e+01
3.658166033209109713e+01
3.172781426333743582e+01
2.514964428168606503e+01
2.805338254790634878e+01
3.141671925284715527e+01
3.160486069667148357e+01
2.697970860539432891e+01
3.430957247757875450e+01
3.126470715791433364e+01
2.935914633687366404e+01
3.323285421598792766e+01
3.249689277157821010e+01
2.759741190581706505e+01
3.311817962390752257e+01
3.013431934981753813e+01
2.764018979517033969e+01
3.117716379674947547e+01
3.713957292875441141e+01
2.975031870566097680e+01
3.314426727823558849e+01
3.361757669597133003e+01
3.010318420335760337e+01
2.137803713363376801e+01
2.053166215200857181e+01
2.119839905283708603e+01
2.267532526107162028e+01
1.663493574655919360e+01
2.838414444869317776e+01
2.119817838942623212e+01
1.153162106703345913e+01
1.566318721073570330e+01
1.562324768755073912e+01
8.189583005890231249e+00
9.629551108574672114e+00
1.215937209082239079e+01
1.441868180374769359e+01
1.449553209663566200e+01
1.623082717451180912e+01
1.484882095710755046e+01
1.366707563075536314e+01
1.227093035492213069e+01
2.343112963706444773e+01
2.066426217333746962e+01
2.247887872000499598e+01
2.033275772254891223e+01
8.906816992438518099e+00
9.112710041500422520e+00
1.766894864863946069e+01
-6.920622926450303858e-01
-2.121146843372227142e+00
-4.441314256449750530e+00
6.320769446600886354e+00
-2.794483068588059727e+00
5.705713262444173317e+00
6.144649740078487632e+00
6.196463806179982825e+00
6.580555771078627991e+00
7.014235096674060088e+00
1.381869139804700808e+01
1.470454365516901873e+01
1.450107927233811722e+01
2.367579183630216377e+01
3.398356824825660993e+01
2.650414977877758105e+01
3.431893795664861813e+01
4.053392615739839755e+01
4.575723952282817208e+01
5.201178420901063504e+01
4.571391139047597107e+01
5.472899733627153296e+01
4.677387544190995072e+01
5.346915552556762208e+01
5.601701372119033806e+01
4.950701242693956061e+01
5.379914495723117085e+01
4.821925311144119775e+01
4.952681042728210059e+01
4.461670648375516635e+01
4.683142866430685558e+01
4.514136433138048687e+01
4.607201962892577285e+01
5.454357551599280640e+01
5.311979858864695814e+01
5.908461542387997412e+01
5.622110667472267664e+01
6.387927966352195597e+01
5.899121372415316245e+01
6.366467789906825914e+01
5.289072443509839161e+01
6.771467832094224093e+01
5.819170937416051004e+01
6.255707209070082087e+01
6.282506375125300480e+01
5.323683387998241301e+01
5.992399723430618508e+01
6.291663560562107449e+01
6.640143897201359380e+01
6.867366004425909409e+01
5.953704489253398435e+01
6.494711907699731057e+01
5.585683151396357715e+01
6.366406585940982410e+01
7.314676172063870752e+01
7.458203076323204073e+01
7.127520006598214763e+01
7.293518245622360041e+01
7.854624268332193537e+01
7.539482119125288762e+01
7.414340712899887365e+01
7.154783520237745620e+01
7.249476557253763076e+01
6.734029303503852759e+01
6.623884171793599762e+01
6.543003216040882819e+01
6.036984411963172192e+01
6.414923124923198827e+01
5.841279465772817758e+01
4.909829439233891435e+01
5.271924454219244893e+01
5.789906271063406962e+01
6.167842162216411594e+01
5.731720203191598273e+01
5.735278371514226592e+01
5.050402840401813620e+01
4.728348582883392481e+01
4.814291066919544448e+01
5.246678631788417135e+01
5.333620670893111537e+01
6.708679312159114261e+01
6.025057357882904796e+01
6.390774482796775402e+01
5.096373482279316391e+01
5.098071909239799737e+01
4.969155319854016284e+01
5.379055938494962419e+01
4.763255180814292089e+01
5.522511325366632207e+01
6.089524821253298370e+01
5.840652626102725264e+01
5.464014231062019178e+01
5.692689748393192417e+01
5.325065111048814970e+01
5.927489683979284507e+01
6.049440709570195907e+01
5.965293268210018596e+01
6.233298040200734391e+01
6.613340671196124276e+01
6.194862276265575218e+01
6.511933998418270164e+01
5.786152884121057838e+01
5.822238818942682315e+01
6.659558203247138408e+01
6.289037919868538040e+01
5.719120659823339992e+01
5.976402140289116005e+01
6.430970671568323382e+01
6.755825178695016575e+01
6.893510179687514494e+01
6.061117837243262585e+01
6.568753161935882190e+01
5.877990158880009375e+01
6.612798360583784074e+01
6.339379959055813885e+01
5.841193517158910709e+01
6.441608017771531536e+01
6.321579885683262034e+01
6.934364281062568125e+01
6.635786049274520337e+01
6.960896769079222679e+01
6.548442609921480084e+01
7.080196811673756940e+01
6.170683328372567189e+01
7.263725983011867982e+01
6.819920054704087420e+01
7.215861272621729938e+01
7.060155456181779243e+01
7.993045267863880099e+01
7.794239603504605896e+01
7.491929964493004945e+01
7.958026495632638841e+01
7.887456932173677160e+01
8.993639241978979726e+01
9.156100049810460462e+01
8.681820926896905632e+01
8.788397686128880082e+01
8.783370247608188208e+01
8.731467914498080063e+01
8.829801186867275931e+01
8.310803785340664263e+01
9.103694518816735126e+01
9.678075638153502780e+01
9.340478983454023876e+01
9.745630874248965370e+01
9.084458792885035905e+01
8.665580128529488491e+01
8.166284118267655856e+01
9.376325646539366687e+01
9.153430042714225578e+01
9.925497931006626118e+01
9.939525561446698987e+01
9.229770982410911984e+01
9.353466489441120757e+01
8.138944143809331422e+01
8.219323434831395048e+01
8.078904557297404665e+01
9.095029314242027851e+01
8.680978921375393043e+01
8.066465416220158602e+01
8.258036866913160168e+01
8.694754621744836243e+01
8.082227568847841326e+01
8.670063728961387994e+01
8.194494333346908377e+01
8.732333806127466858e+01
9.056290886909512494e+01
9.459811474728688552e+01
9.304144608827397178e+01
9.059261786482645107e+01
1.033774669267181423e+02
1.007468129617064818e+02
9.370769348635985807e+01
9.886783672319376137e+01
9.705096397743706405e+01
1.059497632117625017e+02
9.278228291594807331e+01
8.329236700723943443e+01
8.765386018184361205e+01
8.072678878817566783e+01
7.815054772833785535e+01
8.344358527241352874e+01
8.950631133046925925e+01
7.488252173847193660e+01
8.037488067010046677e+01
8.967786121300238733e+01
8.183147602427575862e+01
7.923569487045524795e+01
7.978392646649369624e+01
7.525774060705884949e+01
7.231338472797840211e+01
8.165005244827287356e+01
7.785294415241979493e+01
7.491484313249668503e+01
7.802255897961055098e+01
7.198808027167214618e+01
7.476315141828673916e+01
7.378282709575654508e+01
8.706626189294343021e+01
7.250381511617008812e+01
6.908604894453679890e+01
7.111121447638437587e+01
7.433275153519957712e+01
6.746645645530605861e+01
6.584939036359622833e+01
7.197232880257544707e+01
8.010660269852806437e+01
8.729332112794728005e+01
8.706500855441035469e+01
9.211943252353928813e+01
8.428197410082167096e+01
7.901796490420997543e+01
8.419410850169509786e+01
9.233510383588154014e+01
8.438389436674641786e+01
8.737686245507674698e+01
8.003392076172156067e+01
8.130207825247151732e+01
7.921643634955592006e+01
8.058923920143516284e+01
8.545748399805603412e+01
8.218697385165197034e+01
8.247210379779767209e+01
8.554191241785410682e+01
9.459436858607099907e+01
8.916987875416953102e+01
1.017971222586660929e+02
9.794754531159382793e+01
1.017447304702871520e+02
1.006960523017656470e+02
1.005687487503813315e+02
9.784409921448610703e+01
1.027888196740995426e+02
9.421720877677482520e+01
8.305416641443211745e+01
7.852653716844447729e+01
7.980507474947468438e+01
8.376786895103069241e+01
7.908678385333931260e+01
8.634560103942521891e+01
8.315516960458104734e+01
8.561102880730098263e+01
8.492643861761956714e+01
9.087744510475168624e+01
8.238017934200837544e+01
8.841242637477071753e+01
9.664841922662532170e+01
9.159688995015282842e+01
8.903584008052882837e+01
1.015388526175081410e+02
9.193386725396587167e+01
8.738686306555152328e+01
1.014311279851387582e+02
9.699295976659882967e+01
9.852247480921778333e+01
9.685896190093831137e+01
1.091693718102441153e+02
1.043722694847669175e+02
1.129403792579822579e+02
1.101361468862012174e+02
1.090337061259598954e+02
1.157135225388275757e+02
9.895391614837205907e+01
9.917390431180039911e+01
9.925539470148717669e+01
9.634756746454871745e+01
9.538269914189572773e+01
1.013466287619307167e+02
1.060775991633194906e+02
1.099274232016018118e+02
1.095166379324836043e+02
1.025845857977528368e+02
1.077480164118425705e+02
1.033541805086136094e+02
1.039522791114195428e+02
1.077121804669840941e+02
1.068361781379069981e+02
1.058099494506113416e+02
1.131767586522358471e+02
1.102812612360796578e+02
1.154154131140472970e+02
1.192008191539551518e+02
1.189457129175060430e+02
1.245967392696531846e+02
1.152722154121365747e+02
1.205016443031640847e+02
1.165972154640780047e+02
1.176184109535468707e+02
1.215705046964509251e+02
1.268536927654318305e+02
1.257529889914116694e+02
1.238137176696500461e+02
1.339590914587764416e+02
1.273886974529939664e+02
1.277781631979204064e+02
1.264234390021448888e+02
1.265631289949658793e+02
1.215247849291647952e+02
1.227566867727345965e+02
1.207632093230889581e+02
1.192226478603261342e+02
1.177099014922034144e+02
1.160724191624438220e+02
1.201533374792890072e+02
1.218983137495430213e+02
1.202027641495320722e+02
1.222088193307381232e+02
1.229371000717482190e+02
1.284471324801375545e+02
1.251267892735287859e+02
1.270517936156548160e+02
1.242581044182173997e+02
1.192508472683254581e+02
1.314620749270000317e+02
1.311071091411669158e+02
1.235660965963488565e+02
1.345258487302085939e+02
1.256649262524989155e+02
1.269078315323192214e+02
1.312517795018743243e+02
1.369146729438314765e+02
1.333436586916447766e+02
1.322071953514402196e+02
1.364883031926079298e+02
1.385131102845221562e+02
1.426386654330578381e+02
1.470985276340282155e+02
1.420280200057969182e+02
1.420722779947490437e+02
1.409629753041586468e+02
1.377373141380387835e+02
1.350580157004220894e+02
1.428693816893524797e+02
1.329812023809586776e+02
1.398766396473450868e+02
1.400101379518631006e+02
1.471297582896085885e+02
1.538548078740027165e+02
1.512959211471829519e+02
1.502538250001757660e+02
1.650492129183001850e+02
1.607486851186297088e+02
1.602644248690963877e+02
1.662862382125065608e+02
1.671013201489651578e+02
1.614898479035449270e+02
1.666413090258408545e+02
1.699362520319637042e+02
1.679627708901795131e+02
1.720506955268394336e+02
1.619643747459696783e+02
1.641880698474471671e+02
1.716946985733455335e+02
1.708956749629702472e+02
1.636735448901384871e+02
1.644794705467663789e+02
1.689499173237047103e+02
1.585069257506301881e+02
1.548654003902024670e+02
1.571318184828083133e+02
1.526879293771583832e+02
1.577851792959085060e+02
1.587329630556599795e+02
1.631780815686280448e+02
1.633600648484524811e+02
1.556368777438501354e+02
1.591221435998613174e+02
1.505088156029556501e+02
1.488220997982166409e+02
1.454769114587916476e+02
1.463831815935239717e+02
1.455432265332648569e+02
1.474794269219255227e+02
1.544333917523956075e+02
1.447246534126998938e+02
1.497229730971963875e+02
1.453821504187240237e+02
1.417543469506755400e+02
1.429573077693798382e+02
1.479997372462818817e+02
1.448728299022826604e+02
1.562167737678731783e+02
1.529208915239919691e+02
1.514171586481734266e+02
1.455158083501348187e+02
1.468243205972416092e+02
1.584262045276375943e+02
1.609417992958910304e+02
1.613272602852495652e+02
1.636803408648288212e+02
1.653613970381451281e+02
1.706987873632448327e+02
1.687858066546453983e+02
1.700716205346052448e+02
1.722408786821077342e+02
1.743691802762119210e+02
1.716065542664753423e+02
1.741224084316306744e+02
1.787986977137768747e+02
1.827507858097597193e+02
1.777106381221792333e+02
1.799736863587577034e+02
1.881736947820247678e+02
1.865511475452135528e+02
1.937440916878358337e+02
1.917550965178403146e+02
2.004929014630697850e+02
1.925579906021124827e+02
2.109502839977166389e+02
2.076284605574284399e+02
2.085380687471923693e+02
2.055342458225902362e+02
2.140833195257017110e+02
2.054370168103650087e+02
2.026039197814236843e+02
2.020144549360904591e+02
1.993678412893611096e+02
1.989434248009098383e+02
2.009166087246068457e+02
2.011146767019830293e+02
2.007004342715076461e+02
1.999064281750559928e+02
2.042851579908343354e+02
1.907975012133000234e+02
1.946919963154758761e+02
1.970983689161807888e+02
1.819415887573475175e+02
1.845623649531632395e+02
1.817625701318406470e+02
1.814488149852579397e+02
1.762383322771475491e+02
1.778209978272286378e+02
1.733381882765861235e+02
1.634086137725593630e+02
1.643303474602175811e+02
1.571819224730458018e+02
1.541474698344983665e+02
1.602592779072278404e+02
1.558152273869552857e+02
1.626404075557131819e+02
1.570396939954286211e+02
1.686196570240449830e+02
1.650042158535110275e+02
1.690865685718213456e+02
1.732955820860495919e+02
1.740829445942834184e+02
1.761932581249195948e+02
1.627479275510052616e+02
1.718850223158326003e+02
1.802264101019710552e+02
1.679253571807814183e+02
1.610566073154282378e+02
1.633481907899167709e+02
1.639738917386312664e+02
1.523502935203007951e+02
1.596095133367410597e+02
1.585024623916943369e+02
1.611463804030917970e+02
1.625250082908932825e+02
1.692506914401349150e+02
1.695213424284225709e+02
1.660842217461766381e+02
1.731067020993616836e+02
1.571457986656170078e+02
1.554190604718467341e+02
1.484411364255443289e+02
1.494901738536858602e+02
1.418465586101424947e+02
1.495428367957508158e+02
1.360851132713773666e+02
1.349005097460972422e+02
1.377323027059422031e+02
1.354958727288694718e+02
1.314443914067578021e+02
1.345686200788634892e+02
1.399023835278851209e+02
1.359263856837238507e+02
1.430784202723076248e+02
1.338730919161028794e+02
1.398680944225303051e+02
1.360254331592483652e+02
1.261178170883141689e+02
1.318375863495128328e+02
1.318692734241080586e+02
1.305411728170895458e+02
1.412801783622369385e+02
1.391137692676293227e+02
1.467432343883161536e+02
1.504465330333507893e+02
1.386704519718421409e+02
1.491451477101973637e+02
1.428742893183537603e+02
1.428052008515013540e+02
1.328651268003941084e+02
1.479669650569361465e+02
1.442973381748479653e+02
1.379024742773042647e+02
1.415070679137137972e+02
1.400728115544612535e+02
1.450085917394847286e+02
1.448647151542272411e+02
1.482134599742469732e+02
1.441597712478638869e+02
1.470347572690264144e+02
1.430943236320909477e+02
1.424810172007929623e+02
1.438698134417429060e+02
1.445917599149477155e+02
1.478579890622998221e+02
1.460476684603247861e+02
1.521808053766991122e+02
1.484328068175219357e+02
1.482681864764123816e+02
1.582599613988600424e+02
1.614447088134008936e+02
1.631149510865473928e+02
1.707262167469741883e+02
1.658102593871931845e+02
1.692026282108568012e+02
1.796045159886252520e+02
1.742132681677204005e+02
1.831610824537396240e+02
1.721251409926876761e+02
1.685119018821420127e+02
1.695208377059768452e+02
1.670128621480850484e+02
1.645198909807259611e+02
1.718911515499514451e+02
1.691033836696613264e+02
1.798614493235013470e+02
1.844962961675371673e+02
1.807935047259992984e+02
1.892847664737068953e+02
1.927377562419087269e+02
1.884979438205828330e+02
1.873235651723412616e+02
1.832135045340696138e+02
1.838042976810665152e+02
1.776669858282920416e+02
1.739876811691817693e+02
1.792228717389075712e+02
1.910195604376964411e+02
1.835609349656004952e+02
1.803672762099807869e+02
1.734230240311062516e+02
1.681687925435688555e+02
1.676043434073158664e+02
1.734035561794243563e+02
1.598676837927005465e+02
1.656357968861682366e+02
1.597966095109680964e+02
1.570262106389857308e+02
1.413204266978276848e+02
1.493098200955885488e+02
1.481117187757902229e+02
1.390629309026770954e+02
1.363538813269731804e+02
1.413887056021712283e+02
1.417194601949091748e+02
1.358570733338554533e+02
1.389013030715200330e+02
1.400549270940526583e+02
1.356352462254926365e+02
1.394702070948838184e+02
1.391966499762513365e+02
1.366369156911918878e+02
1.442041754377856932e+02
1.448180971975782541e+02
1.512108788717680739e+02
1.477883470757797397e+02
1.498380697700427788e+02
1.542300018146382286e+02
1.605172613442044280e+02
1.610793782104790068e+02
1.585757819931517645e+02
1.609370696619918704e+02
1.655360273296661830e+02
1.597140035658009936e+02
1.676090665669863427e+02
1.718692194302899736e+02
1.709641635566584625e+02
1.761149665801499395e+02
1.687779954284830808e+02
1.648263137759360006e+02
1.596305106138886458e+02
1.649348425872202313e+02
1.619433016078556875e+02
1.611050638130186883e+02
1.708083989890653527e+02
1.743408231294025370e+02
1.735177791009366786e+02
1.643890721741225036e+02
1.715764190840762069e+02
1.702329959625798210e+02
1.580878247594784796e+02
1.698637129920976747e+02
1.639144470121938184e+02
1.627484692510371076e+02
1.630044120049436174e+02
1.785784320229442983e+02
1.728726133019100359e+02
1.719434429099045190e+02
1.769968813987652254e+02
1.740849118488560521e+02
1.878732100576288531e+02
1.885724328713190516e+02
1.797614115578925578e+02
1.885673622996538370e+02
1.897059851504251640e+02
1.843699819336298162e+02
1.886937540622504912e+02
1.908024645429384236e+02
1.858352354730701279e+02
1.948261431018333667e+02
1.921148589236271391e+02
1.969564838043237387e+02
2.009196346363312671e+02
2.005692075952192113e+02
1.989537670596537851e+02
2.028040497599370440e+02
2.074310464828875809e+02
2.042578147103008064e+02
2.064263413222591055e+02
2.062785702353564261e+02
2.066327235811857861e+02
2.083458941289654547e+02
2.062403019806531859e+02
2.179763056383700359e+02
2.102088250353795900e+02
2.096841000157532449e+02
2.170192622549270141e+02
2.054571302728070066e+02
2.142169972231911004e+02
2.145099097292639385e+02
2.161541166111090888e+02
2.162922266806753839e+02
2.214896588921055525e+02
2.248016284337712420e+02
2.197457592033614731e+02
2.153590221849655109e+02
2.169501426029310096e+02
2.141781241548976027e+02
2.122169258833667982e+02
2.103234817278582511e+02
2.126532045227082790e+02
2.007013835519446729e+02
2.164479188959687121e+02
2.235217569009757597e+02
2.214387297249352287e+02
2.173714206977111871e+02
2.116853569341830905e+02
2.111772836922009162e+02
2.168755747774897031e+02
2.230932633153236679e+02
2.338429094849722105e+02
2.297927145757023197e+02
2.344565864839637186e+02
2.295261085957665728e+02
2.307912460709560776e+02
2.239460413673986920e+02
2.173358098635446822e+02
2.207760993805359533e+02
2.198236784838470328e+02
2.159337968099625300e+02
2.105920802020911822e+02
2.107172016291489172e+02
2.089596652745356380e+02
2.023846685013056685e+02
2.091242286624932660e+02
2.044799066062406894e+02
2.034450516550183465e+02
2.040935680883181362e+02
1.979781865789321103e+02
1.984341467331462638e+02
1.917014911925903391e+02
1.939895283559019958e+02
1.935915565533103404e+02
1.878358775890270067e+02
1.935325767463024818e+02
1.874038439700593131e+02
1.909575163007185381e+02
1.820851040274036734e+02
1.791433563645844913e+02
1.767984514387673585e+02
1.847082763416517253e+02
1.807824577858553425e+02
1.814595933142439037e+02
1.884541052988284662e+02
1.866109579978480042e+02
1.774817544190952674e+02
1.827877611952625330e+02
1.896035436103238112e+02
1.937001125728675106e+02
1.974154639104791613e+02
1.999088136527390986e+02
1.995025094822528615e+02
1.994520991642841352e+02
1.912222158432705612e+02
1.879788262006210573e+02
1.932859222499781424e+02
2.032852739932941120e+02
2.059379770415991402e+02
2.001793358494057884e+02
2.084314344335971612e+02
2.037580007414600516e+02
2.159550527415207171e+02
2.068424525263528722e+02
1.975114277409034855e+02
2.039039203941339622e+02
2.021593979275414483e+02
2.019715873246538820e+02
2.047565301942547649e+02
2.141560786479147396e+02
2.070985394830834991e+02
2.120649219743006029e+02
2.108760519551687764e+02
2.067001966652072724e+02
2.008877062063731387e+02
1.974374039027207175e+02
2.000183041588173296e+02
2.025516024919856193e+02
1.941517773017529862e+02
2.026309161461376505e+02
2.030212517207737051e+02
2.046069915231142033e+02
2.025476298511976552e+02
1.975222321501560714e+02
1.968195509710969588e+02
1.971902971373516493e+02
1.886669788153074876e+02
1.807630379458957179e+02
1.900627674624163603e+02
1.842009447591578919e+02
1.881720137758836984e+02
1.854902590214052793e+02
1.829296948303913837e+02
1.845381316178036002e+02
1.960553291131610933e+02
1.928749666567162251e+02
2.040432939806390777e+02
2.095896589123538831e+02
1.949509734463366328e+02
1.922365236567201237e+02
2.019987858305127872e+02
1.950848093468107720e+02
1.886104347193309252e+02
1.837063876612540696e+02
1.763652946946221505e+02
1.754910880444228667e+02
1.812649625363426082e+02
1.771719332268368134e+02
1.765608615046188277e+02
1.774292630543139921e+02
1.856571064316032960e+02
1.891220477665781345e+02
1.809108291298693985e+02
1.839961415355184045e+02
1.894501112961290232e+02
1.970204257636624732e+02
1.891613612629133740e+02
1.938302106521264818e+02
1.928971329604735274e+02
1.974322800629488484e+02
2.060226663090134309e+02
1.987993215182941640e+02
2.003261047838387867e+02
2.131025861167560436e+02
2.105892777701892555e+02
2.012606076370459789e+02
1.983799063639177120e+02
2.012248864962348591e+02
1.942380759865332038e+02
1.969517255055142755e+02
1.977598997746430314e+02
1.970102933574216593e+02
1.916917870828654031e+02
1.970551826992613087e+02
1.978312391238532939e+02
1.977711507403029429e+02
2.000320486330461449e+02
2.172608224038523588e+02
2.202803593215395495e+02
2.152248895807932740e+02
2.254488681263761407e+02
2.276542352822872033e+02
2.181922902483241273e+02
2.109189229470919145e+02
2.177633327287802842e+02
2.152557096497688178e+02
2.110964028962423811e+02
2.168365606086617277e+02
2.117834335288435170e+02
2.209030307608205135e+02
2.214412332160295307e+02
2.172797117987506681e+02
2.205542726493592340e+02
2.120963414278762968e+02
2.270944881973354939e+02
2.215517684439355435e+02
2.257070002337149788e+02
2.269350367522486067e+02
2.312480354984727171e+02
2.277217293899850858e+02
2.265499108005043922e+02
2.276325403905423173e+02
2.274666502617636468e+02
2.243013492851758031e+02
2.073058200477379103e+02
2.090905975891766957e+02
2.080284548500672770e+02
2.063529686262175176e+02
1.965526098204791765e+02
1.996772800389881866e+02
1.980848097276529813e+02
2.039389701092613905e+02
1.977533425335879258e+02
1.990221698373848369e+02
2.037760791234325666e+02
2.043311721644159036e+02
2.146646012670342429e+02
2.105082267130337925e+02
2.053998451821204583e+02
2.035396816064454413e+02
2.166967771651371493e+02
2.176819438559481625e+02
2.072614654344371559e+02
2.152001841903335730e+02
2.160638266919434329e+02
2.145889002946908590e+02
2.115771159463902222e+02
2.033018891364566514e+02
2.109818952131652736e+02
2.065127589918863862e+02
2.081476308085697440e+02
2.009534501252279313e+02
2.022552154634419423e+02
2.175042086496442550e+02
2.136936668612172809e+02
2.083298733704426127e+02
2.163077385749516566e+02
2.187697925541308734e+02
2.272262537629334815e+02
2.212437227548839758e+02
2.201222900480281055e+02
2.249949726325610868e+02
2.271977250053339503e+02
2.301459930974864960e+02
2.248215332004569973e+02
2.294739750741714772e+02
2.291498702062714585e+02
2.364164208703939778e+02
2.312118580252235347e+02
2.356007595221468875e+02
2.351759380764335958e+02
2.299811981472901152e+02
2.353104503900298425e+02
2.376666553708821539e+02
2.395170057529279575e+02
2.358902647939529800e+02
2.403559989059551469e+02
2.450976391564788344e+02
2.482783466639673975e+02
2.516980978353335558e+02
2.442921362442450572e+02
2.445217881512351994e+02
2.551693969725345426e+02
2.469439450542536463e+02
2.566901855329626869e+02
2.513716208110667480e+02
2.621085972013287346e+02
2.577794111534246326e+02
2.586376500639345863e+02
2.547419905203551025e+02
2.563406828655980689e+02
2.553637248117148886e+02
2.517312882426900273e+02
2.529628853818254299e+02
2.477864224448810546e+02
2.609056519276110180e+02
2.539215727253117336e+02
2.501498355677853453e+02
2.428003379099001791e+02
2.433758694735044799e+02
2.458821943021914080e+02
2.500545623104513879e+02
2.464252803229391020e+02
2.427719250135115772e+02
2.416816860227372956e+02
2.428824223819082420e+02
2.417693983875630863e+02
2.455880505479596536e+02
2.361162395218197219e+02
2.406825332236198562e+02
2.248926589287176796e+02
2.205208485543835479e+02
2.279502903819185065e+02
2.313414295395673150e+02
2.323021628974025532e+02
2.248758970578211063e+02
2.302624702377015353e+02
2.238012848237706010e+02
2.298580357962267158e+02
2.262461626369138230e+02
2.327378300024948032e+02
2.283726198297621863e+02
2.279268791822454716e+02
2.278798275511224745e+02
2.295484641305796742e+02
2.299357971235228604e+02
2.216572307449655739e+02
2.287144927847708971e+02
2.387286098465163491e+02
2.280985986225328475e+02
2.337046606419052921e+02
2.224708484798483710e+02
2.305058544257298365e+02
2.293997554639658176e+02
2.276507585727233050e+02
2.303744808281751091e+02
2.374067241506869834e+02
2.380509599708101405e+02
2.325361098254372791e+02
2.331465548013185582e+02
2.318560232467097819e+02
2.312801355985271243e+02
2.198466083567899148e+02
2.305651619635875988e+02
2.331556384678318068e+02
2.381378174100549359e+02
2.398392205108664257e+02
2.422840329870952303e+02
2.502971253323353551e+02
2.423891446700094150e+02
2.567590148823388176e+02
2.479705878680090336e+02
2.526233706057218740e+02
2.493287838471590021e+02
2.457800406999264737e+02
2.492637279609532186e+02
2.457982926586910821e+02
2.439733268695667050e+02
2.436223730301849457e+02
2.450510443296347773e+02
2.405689280514966129e+02
2.354435467145956977e+02
2.377975114669627317e+02
2.419050441988605940e+02
2.460552413532204241e+02
2.392012526583110912e+02
2.374293191884108296e+02
2.348374785822173862e+02
2.387130656131331250e+02
2.359873672966848801e+02
2.378455501619854147e+02
2.395682895252183187e+02
2.388345495266644605e+02
2.415773835892424870e+02
2.395721752576842221e+02
2.384032594613776439e+02
2.465953761838238449e+02
2.475316026746140210e+02
2.431852154092297553e+02
2.490422142066935010e+02
2.506619496276487666e+02
2.600601970595777175e+02
2.521972165825323486e+02
2.441358951986129568e+02
2.497546813379070159e+02
2.404585460149949085e+02
2.444508486779886596e+02
2.438681402559897720e+02
2.432376987597294828e+02
2.514909801554952935e+02
2.456348638627569017e+02
2.522317739144166069e+02
2.490495269264684737e+02
2.332393924137166721e+02
2.382843915928818603e+02
2.375680575877866261e+02
2.395784898684685515e+02
2.424537059416723821e+02
2.419726511901567960e+02
2.490933559388525396e+02
2.506016117176205000e+02
2.534252825039179129e+02
2.505471989617512065e+02
2.468896687502574707e+02
2.473867559773424887e+02
2.546512001711708137e+02
2.585268183853319215e+02
2.673448349897706180e+02
2.538747553570186994e+02
2.557307885431424950e+02
2.542594324568317177e+02
2.522714779371274858e+02
2.529376560539700449e+02
2.574491290251251598e+02
2.478698641885289931e+02
2.407415744159451094e+02
2.417445842264131102e+02
2.405296484656307143e+02
2.462395471537134881e+02
2.464751753399631014e+02
2.486868425181623365e+02
2.451909438998887367e+02
2.437840100399238565e+02
2.355574464616285866e+02
2.286254149429218216e+02
2.245673271773038948e+02
2.283830823265021479e+02
2.230528381582638531e+02
2.251762242047020663e+02
2.228013395681424811e+02
2.260167658482488662e+02
2.170490294241486424e+02
2.275500950856022087e+02
2.213242983898595924e+02
2.132091792306479476e+02
2.113409655647559191e+02
2.056427153974733812e+02
2.011336858867966271e+02
2.074745738814861511e+02
2.094373700148518367e+02
1.995052916570065520e+02
2.056878071954685083e+02
2.049783915448344089e+02
2.105033724946900406e+02
2.084941000808110800e+02
2.018358855935109943e+02
1.945104658000841766e+02
2.004709833961748302e+02
2.048326780455478797e+02
2.098618551364043299e+02
2.114746187478836248e+02
2.129303334366669844e+02
2.135083108198331558e+02
2.072207552493921696e+02
2.094461920628338305e+02
2.009908757129243781e+02
2.046997043941709080e+02
2.118046747813631328e+02
2.240586934228714142e+02
2.117181206338769357e+02
2.085186337038894067e+02
2.143192166126902691e+02
2.130984312827341967e+02
2.133761063059883725e+02
2.137179391831997464e+02
2.104301080919636888e+02
2.061447214300534085e+02
1.990871557989549387e+02
1.974585268204910449e+02
1.986265058025737460e+02
1.927931801272393955e+02
1.949714849336149314e+02
2.003324285134728768e+02
1.931945932724176771e+02
1.982777747351399853e+02
2.046970517456298637e+02
1.973125710540713271e+02
1.935070569494373558e+02
1.872905947949324741e+02
1.918970144860496418e+02
1.998825128144993073e+02
2.011718539582474818e+02
2.022788956501727000e+02
1.971104596423762132e+02
2.021671711562645157e+02
2.107468839169883665e+02
2.066091004894929313e+02
2.044591456812593719e+02
2.048445693547418500e+02
2.093212570597965794e+02
2.041571419590504490e+02
1.975065084187794753e+02
2.007890419962899671e+02
1.986304181623182501e+02
1.976140648530138435e+02
1.991750325428356803e+02
2.009525115994381395e+02
2.019992774671143252e+02
1.990929579649547350e+02
2.057882663176220603e+02
2.040575248374443049e+02
1.999498804033471231e+02
1.997526472961087052e+02
1.940327547259745700e+02
1.907856964763154792e+02
1.916456285513854141e+02
1.874583867318858665e+02
1.878869467382388336e+02
1.965421876241012740e+02
1.878804741791358026e+02
1.905227036763362207e+02
1.922764335853113664e+02
1.875787192911454326e+02
1.916220221312162266e+02
1.992120574772796715e+02
2.054447168443182932e+02
2.061752891634643845e+02
2.056218220974002975e+02
2.108208319527732328e+02
2.119238553169484476e+02
2.055142502282781436e+02
2.203108693325996228e+02
2.109740121060098375e+02
2.119983525764772310e+02
2.169184079408900629e+02
2.136036954393907479e+02
2.158489547724078932e+02
2.143161402794265769e+02
2.131091496062495878e+02
2.129121394312561506e+02
2.095316079178558937e+02
2.219541148884730433e+02
2.116435569744658949e+02
2.158626070234011536e+02
2.091648973431248635e+02
2.135184915543854345e+02
2.109028212244212170e+02
2.194136703188668491e+02
2.169429255179201448e+02
2.277107311974177151e+02
2.322274176122380140e+02
2.254065567247945410e+02
2.320378333293359390e+02
2.310654511943726277e+02
2.341087252136735799e+02
2.359591910512060338e+02
2.294247530847973735e+02
2.309589591064237766e+02
2.377789060914452364e+02
2.328335825352166921e+02
2.355493716610888555e+02
2.363324136147370496e+02
2.393384477377231292e+02
2.232459390353975266e+02
2.212567468860260647e+02
2.270274390200776509e+02
2.213712540314474779e+02
2.199995238863309623e+02
2.256750801746909190e+02
2.200862411854439245e+02
2.186767710323706524e+02
2.159738681703921088e+02
2.098970847169762521e+02
2.144754912677964001e+02
2.214590283749764410e+02
2.232582502970704468e+02
2.280121148618623863e+02
2.232538440804407003e+02
2.284461313292650857e+02
2.249671731168716065e+02
2.243846410159171683e+02
2.280704581774220969e+02
2.324661856185157944e+02
2.216475619749967620e+02
2.225883178599625580e+02
2.225906364920394367e+02
2.259691603218879266e+02
2.299173144261461346e+02
2.339118891729356164e+02
2.283896983055235523e+02
2.297839848524688193e+02
2.321637656121084490e+02
2.213309005792868902e+02
2.225135531339193449e+02
2.240874522041327452e+02
2.244693720679554190e+02
2.267350093586205162e+02
2.197923201853363651e+02
2.226523537326861231e+02
2.231137433287219380e+02
2.181201535388852051e+02
2.249505087700721049e+02
2.345522888840810083e+02
2.348725935481837723e+02
2.367900042518959935e+02
2.441084607566642148e+02
2.400866479820381016e+02
2.526590237501037848e+02
2.484619263811775909e+02
2.464241794922742486e+02
2.477739006228020173e+02
2.484888306580502899e+02
2.443808196617998192e+02
2.459375979771002108e+02
2.486015606058528249e+02
2.445224241876611586e+02
2.490848731813348422e+02
2.447374249366457377e+02
2.525230144894992463e+02
2.465051700131473069e+02
2.597556298605338725e+02
2.620619426731711314e+02
2.584573581236298310e+02
2.617778651182219960e+02
2.618772246817917448e+02
2.645307175154127890e+02
2.645418095238598539e+02
2.755370267744354464e+02
2.718228839784522393e+02
2.764351372463895018e+02
2.738412308141229801e+02
2.780788092131965641e+02
2.748076822762944857e+02
2.774040877355538441e+02
2.720438874409755954e+02
2.791456494121986225e+02
2.778127800637393534e+02
2.790580760585986582e+02
2.712222828372662775e+02
2.774334307226596934e+02
2.752816701326642601e+02
2.678424177451556147e+02
2.677299224863209588e+02
2.553698533614588939e+02
2.663470767695214931e+02
2.714179254057930848e+02
2.584531528754926626e+02
2.621600397178566482e+02
2.684125157393227141e+02
2.633028064369723893e+02
2.751231796141859718e+02
2.703210678761466284e+02
2.752682090459346114e+02
2.741696889751967205e+02
2.738207941756554078e+02
2.798592442634181339e+02
2.696130636356172090e+02
2.756584173017599255e+02
2.754039938218552948e+02
2.719305781294868893e+02
2.679744086373059417e+02
2.693772839353873678e+02
2.636885164447957095e+02
2.652512155863037719e+02
2.652465806752798017e+02
2.661046517666471800e+02
2.719078057245497462e+02
2.764128375440116088e+02
2.789798372430250879e+02
2.772965758976753250e+02
2.803792135334334716e+02
2.750135170353517537e+02
2.780187655172398422e+02
2.813886319963658025e+02
2.694839052387845300e+02
2.767868188687195357e+02
2.596494413247660304e+02
2.682184417780110834e+02
2.655315955675637269e+02
2.588148519761448938e+02
2.745695053906215435e+02
2.665373002395243702e+02
2.678549512478575707e+02
2.628712376655847720e+02
2.544639610124724243e+02
2.635787828376320476e+02
2.688848034264347575e+02
2.631000805877057473e+02
2.544013461467399395e+02
2.595140850972274507e+02
2.614190327589499248e+02
2.595273272688367001e+02
2.606089098751876918e+02
2.630157041983025010e+02
2.593282052040564167e+02
2.610690225548868852e+02
2.574971175748781889e+02
2.657185475638066805e+02
2.718106855505977251e+02
2.674991055017586632e+02
2.724612238011957857e+02
2.775744231439658165e+02
2.728386505706151297e+02
2.745581953428150541e+02
2.704471848400067415e+02
2.723368101662059644e+02
2.691082031028088295e+02
2.683779437482679100e+02
2.662520829944788829e+02
2.582370586604480422e+02
2.656213104644868963e+02
2.653431579693407798e+02
2.598400231073815689e+02
2.654226086468943890e+02
2.760774040451516953e+02
2.785300784212358849e+02
2.755353693268523330e+02
2.746914835100646997e+02
2.690972449620366547e+02
2.732576406857812685e+02
2.686390239922434375e+02
2.821364114509082697e+02
2.752276786009626903e+02
2.741459008937957265e+02
2.662941442489109818e+02
2.592247454077003113e+02
2.648133395262254908e+02
2.533689529247748169e+02
2.556083677344332159e+02
2.495658253770473607e+02
2.528150062621236316e+02
2.471545261933435711e+02
2.486334973227124578e+02
2.507820446498715228e+02
2.535024465729107703e+02
2.451912958403796097e+02
2.417612967161841198e+02
2.421144265140304128e+02
2.441994652345200905e+02
2.512084161934084818e+02
2.474487928890277715e+02
2.467471921188757733e+02
2.451327232899288902e+02
2.449587972667607687e+02
2.463307565983900531e+02
2.477028509421214153e+02
2.522745136980446432e+02
2.406307036741707748e+02
2.501838902593764544e+02
2.518025444871561547e+02
2.607612110898191986e+02
2.588449365904634760e+02
2.635682035377852799e+02
2.645977684678193214e+02
2.639286769780191548e+02
2.600498508200304286e+02
2.574993164663388825e+02
2.486104409754135531e+02
2.510565971936250378e+02
2.386427628605541713e+02
2.440289631021115326e+02
2.441653500252423612e+02
2.491578035880420714e+02
2.507651647743193450e+02
2.513309183421528701e+02
2.497258957698223583e+02
2.482600896092712617e+02
2.447765028111799666e+02
2.536306894285202702e+02
2.522617621617380337e+02
2.573133595147279493e+02
2.593106441945244569e+02
2.648657606704638852e+02
2.662230195178319150e+02
2.649473661362030157e+02
2.673824236856912080e+02
2.663985823826627666e+02
2.708080193710459866e+02
2.652600964364593210e+02
2.648996628949559522e+02
2.749118573072868230e+02
2.730023086805812795e+02
2.685262699345931878e+02
2.696123503430800952e+02
2.641803437435739852e+02
2.661341080998407165e+02
2.682005210508409618e+02
2.699149055963140427e+02
2.614555459829267079e+02
2.646335899501929134e+02
2.688497119078572837e+02
2.728136521578113047e+02
2.654407631606186442e+02
2.678279435728279623e+02
2.637711476764696954e+02
2.580105950872445533e+02
2.636136735150012669e+02
2.637913347340338532e+02
2.704758516825366996e+02
2.684913793556460746e+02
2.705527814928010457e+02
2.687781421888558953e+02
2.752582680987179060e+02
2.762384055456581677e+02
2.717852547390421591e+02
2.657406776876391632e+02
2.615813042916065569e+02
2.590066468361547436e+02
2.662045280458327738e+02
2.660293412598210239e+02
2.598065989944500984e+02
2.654988459507290486e+02
2.605367239571573919e+02
2.627032661113466929e+02
2.596109771083862370e+02
2.557580338274492249e+02
2.590098143973532387e+02
2.652363617901916655e+02
2.665318133757303372e+02
2.654006896270756215e+02
2.659320146001500689e+02
2.692311801185392142e+02
2.727498234815096794e+02
2.649531502509197480e+02
2.677112286433929853e+02
2.594568517135347747e+02
2.530152915787235202e+02
2.599504734618232078e+02
2.511380124074818525e+02
2.530273078089842045e+02
2.578615289206071566e+02
2.602758417182928952e+02
2.650115105283423418e+02
2.665677775191155661e+02
2.659682202942606750e+02
2.690855412667462474e+02
2.709023308868868867e+02
2.756609644456452770e+02
2.743558784197714999e+02
2.714235468915356932e+02
2.711425295050747764e+02
2.735020095972979561e+02
2.587329797560227007e+02
2.634836655763532463e+02
2.704340477899190773e+02
2.647993037899180422e+02
2.648978484828872411e+02
2.632512652914764999e+02
2.588636032323943255e+02
2.590315091805564407e+02
2.604038063997776931e+02
2.606437619553917102e+02
2.655584193056710660e+02
2.610963028358123665e+02
2.542405886413310441e+02
2.622333502553822768e+02
2.667353192065769463e+02
2.751571012687277857e+02
2.683927139847733656e+02
2.652230783276147008e+02
2.687420142246560317e+02
2.756103628290868528e+02
2.765944427885384584e+02
2.840919170299350185e+02
2.780542589815354972e+02
2.701950628455865058e+02
2.718517155981788846e+02
2.736584528496341022e+02
2.673622815471516674e+02
2.622646759583615221e+02
2.724273335803199529e+02
2.668109110580438710e+02
2.753610642549393219e+02
2.712678116875886190e+02
2.691902350438559210e+02
2.664747980370451046e+02
2.656535347177282915e+02
2.675184645126033729e+02
2.716538876000195160e+02
2.626955017367492928e+02
2.595202077464522290e+02
2.626092863070212502e+02
2.608939533836012856e+02
2.642340577111892799e+02
2.602409730983374629e+02
2.604010553141205264e+02
2.656563952650931810e+02
2.631290342153864685e+02
2.738529839775090977e+02
2.747139885798852106e+02
2.815642502289475146e+02
2.730566449250445658e+02
2.772697237348318708e+02
2.691043358860223975e+02
2.642784070729655923e+02
2.660069284510070133e+02
2.588599612796649012e+02
2.571576339513409266e+02
2.562504604647343740e+02
2.590461182580717150e+02
2.600915355126956001e+02
2.622824924450554818e+02
2.589226605116988935e+02
2.596656169130254170e+02
2.525924001947274462e+02
2.480259601186346856e+02
2.455590523981913975e+02
2.591138901641783150e+02
2.517004500361829287e+02
2.502736192195204410e+02
2.503847922655107539e+02
2.484428389544646052e+02
2.436825506146222153e+02
2.483708293248011216e+02
2.434345560675144782e+02
2.485378091987153084e+02
2.407518566357422856e+02
2.416945710801175551e+02
2.343226231992321686e+02
2.314094765576027442e+02
2.322542630073316161e+02
2.270179838296957371e+02
2.276434297337124519e+02
2.279923814679809198e+02
2.348016249543831862e+02
2.378720017892320584e+02
2.277123348772264819e+02
2.350625931654638521e+02
2.442726044377062067e+02
2.428310285379016591e+02
2.324617004811409799e+02
2.400650217353316975e+02
2.381120826437310143e+02
2.369351108445703460e+02
2.474463383183378653e+02
2.424246513759824211e+02
2.496572839942391226e+02
2.450066279600137875e+02
2.452464562038229303e+02
2.579878981239356790e+02
2.475203061711370651e+02
2.447257671392897578e+02
2.522133211800552601e+02
2.592688412426713285e+02
2.639607897501385878e+02
2.570866705134450854e+02
2.596178232153083059e+02
2.578548984955214110e+02
2.493961922343277706e+02
2.576672170524127523e+02
2.580038330009018068e+02
2.571862290002737836e+02
2.547243704839665384e+02
2.587534365281758824e+02
2.544035142344320661e+02
2.519088264431954656e+02
2.435089047921887868e+02
2.485893176598966932e+02
2.401023583114649966e+02
2.577560867008627383e+02
2.564948586885507211e+02
2.590409904000983943e+02
2.616071620082543063e+02
2.531661962737118472e+02
2.575017113119099008e+02
2.511105726177464987e+02
2.476637521832120399e+02
2.445056403774156593e+02
2.508636887693076574e+02
2.624519457858902456e+02
2.645646355306555506e+02
2.594791900847137072e+02
2.656117056492853408e+02
2.617252764350952816e+02
2.654038423901207011e+02
2.639724876005779493e+02
2.654203498988214847e+02
2.763634349990001624e+02
2.751167023254197943e+02
2.745551907976851567e+02
2.727165293070597727e+02
2.654184908918427936e+02
2.734116475489354343e+02
2.785248414759289517e+02
2.771895398896152756e+02
2.791054517338921528e+02
2.777715413131389823e+02
2.798562735128364807e+02
2.823160563144533057e+02
2.793138569432654208e+02
2.786145005228052014e+02
2.785248202323722353e+02
2.795914811261103523e+02
2.754656612456175253e+02
2.751360837104853658e+02
2.745685796198039839e+02
2.756585969893454262e+02
2.658576954701737804e+02
2.696412840422865997e+02
2.649437411463003400e+02
2.594676581366847472e+02
2.629957772813917813e+02
2.584612658133489163e+02
2.569691906397613934e+02
2.633598713801189888e+02
2.643282906403490529e+02
2.626051278410199643e+02
2.662291970827693035e+02
2.653856802232161272e+02
2.677003249239990055e+02
2.755292232205666778e+02
2.645708335771321345e+02
2.673934323782171987e+02
2.610610970070518420e+02
2.656642479783242266e+02
2.623491003266508983e+02
2.700049008042381047e+02
2.730597990300886977e+02
2.844959822622615206e+02
2.652257878474557629e+02
2.649149019243427006e+02
2.780530667846993538e+02
2.762818335413372779e+02
2.699019672469274269e+02
2.684558402068111036e+02
2.708141661036066239e+02
2.698372821685303506e+02
2.839430032967048874e+02
2.824246104803078197e+02
2.643905102920072068e+02
2.578228189682830589e+02
2.665230045525260039e+02
2.688024356605139928e+02
2.642262120214431889e+02
2.725457645833673155e+02
2.680555359974351290e+02
2.696528601967321492e+02
2.712098233975913786e+02
2.701001237544264200e+02
2.788630110188176445e+02
2.776210789288160754e+02
2.708363425250682326e+02
2.723689133230928974e+02
2.690138844922838075e+02
2.737815747956983046e+02
2.757562535043512071e+02
2.800069047923670382e+02
2.677046752575719211e+02
2.692319756003996076e+02
2.689899509278566825e+02
2.689012679970455792e+02
2.625102726478426689e+02
2.651674108946469346e+02
2.567825896221112885e+02
2.554820554201254197e+02
2.638088760044748255e+02
2.661930252550675959e+02
2.639180707178020384e+02
2.624758457957575501e+02
2.606616874482626258e+02
2.555667093308432527e+02
2.517363752764272249e+02
2.425203923952148273e+02
2.505876290250760690e+02
2.414182384366237102e+02
2.429133467463780676e+02
2.358568707377592091e+02
2.362282845157107261e+02
2.429297778786154254e+02
2.445844507254618634e+02
2.390652553923679307e+02
2.517586760890532958e+02
2.423275840136748798e+02
2.558685706594305884e+02
2.535747661834546136e+02
2.511680772255270426e+02
2.572001407387737686e+02
2.453667487659506037e+02
2.494088240311703544e+02
2.479122787447101643e+02
2.491434812472868146e+02
2.490249046130139163e+02
2.428259382762419420e+02
2.447662605536945080e+02
2.445918263307529230e+02
2.407396160355150982e+02
2.377012225864681625e+02
2.287036240171302950e+02
2.202049498548626616e+02
2.102666009112681422e+02
2.061470915510985833e+02
2.202195680505114126e+02
2.146025672709135108e+02
2.144521059267138128e+02
2.091097963979184158e+02
2.076538105207044964e+02
2.084354711481392144e+02
2.126100957311180366e+02
2.148805654209926104e+02
2.093616190611840011e+02
2.129919864625632044e+02
2.127535688198197192e+02
2.175689464496730636e+02
2.144105950576640396e+02
2.074625700927722107e+02
2.160999057467793421e+02
2.162128836184371607e+02
2.229883940202228132e+02
2.244901811126997018e+02
2.181143950556121354e+02
2.278149186632315377e+02
2.354903398808886834e+02
2.293391636793402029e+02
2.305100369808294261e+02
2.329049815040459634e+02
2.335165903100842968e+02
2.306718173761431387e+02
2.275759563344610967e+02
2.306772650606136494e+02
2.313405812320847303e+02
2.312334797041095555e+02
2.272413988653591446e+02
2.285397043363181808e+02
2.308031230422432429e+02
2.195725350032717813e+02
2.170238350737858752e+02
2.199561179446680228e+02
2.209645532597416491e+02
2.110236478020963489e+02
2.122578786592143558e+02
2.223352349849565428e+02
2.193107425889449473e+02
2.241351919579104504e+02
2.207915765631646536e+02
2.126616833618297449e+02
2.138001536085361067e+02
2.123128565279335476e+02
2.215999040858758633e+02
2.151966544371925920e+02
2.155352568440089840e+02
2.057455050835196460e+02
2.158920468266786656e+02
2.078091772923025928e+02
2.066199886403115329e+02
2.080693929954390171e+02
2.035598460111012002e+02
2.054009505164306972e+02
1.980599906766511538e+02
2.000178638013691170e+02
1.960087219147710300e+02
1.906998311132977619e+02
1.839921502013857832e+02
1.862968297360440602e+02
1.953544231601429715e+02
1.785328630825987659e+02
1.749943605695252131e+02
1.793287931607744667e+02
1.804634919548402081e+02
1.834570974174178275e+02
1.794242764465099356e+02
1.811519690557541935e+02
1.862723274333923484e+02
1.862722137785960967e+02
1.864495201502666362e+02
1.801695501085272326e+02
1.875691929313928483e+02
1.780614934484767105e+02
1.764113829835086165e+02
1.851604415035607190e+02
1.724114842882176220e+02
1.688079662331586519e+02
1.725468803503776201e+02
1.782107496132242659e+02
1.759789160030994424e+02
1.858617334441371725e+02
1.841231087351735312e+02
1.821985150793611581e+02
1.817532884203756396e+02
1.845732713791699950e+02
1.816894911606454741e+02
1.765346609636697224e+02
1.762772518068804004e+02
1.778844618665287953e+02
1.738159967943358026e+02
1.739869606087186185e+02
1.708971567621011900e+02
1.767020958579229273e+02
1.768908842855319392e+02
1.732511036701369278e+02
1.740896080556533434e+02
1.746926236367554566e+02
1.685192966432908008e+02
1.713465969153789104e+02
1.756074493833496319e+02
1.700463498326401464e+02
1.747464851740380141e+02
1.630484915265941765e+02
1.628733130941791956e+02
1.618545039469337894e+02
1.618874991827142651e+02
1.608118990353063680e+02
1.610275144557355986e+02
1.639605527051130878e+02
1.594252890061619041e+02
1.574198336617277789e+02
1.528050042071590440e+02
1.554194508717804126e+02
1.565332300916468284e+02
1.665298014877011781e+02
1.744494575313454732e+02
1.698083990950843258e+02
1.854630360362905606e+02
1.701864968612362645e+02
1.771304372282629913e+02
1.734467211626416372e+02
1.775175187764720590e+02
1.809774249374223700e+02
1.772513611249881365e+02
1.736498111336221939e+02
1.757718802244046117e+02
1.700989688729716249e+02
1.729306131463408178e+02
1.740749068013177521e+02
1.772641521584548912e+02
1.791933801239362651e+02
1.784671804668720938e+02
1.819619653064902423e+02
1.765867370255785431e+02
1.806891615884822215e+02
1.843799372647175403e+02
1.760294596385604109e+02
1.699965667186100973e+02
1.753343024847608262e+02
1.838937483813886615e+02
1.793270276466300572e+02
1.714081204534392384e+02
1.660983365388092921e+02
1.746542043631791898e+02
1.732784424304359732e+02
1.784645672924705764e+02
1.774080375433334780e+02
1.741792550257133314e+02
1.631444954237427396e+02
1.736715529572740877e+02
1.723795889608828702e+02
1.763647337182350441e+02
1.740069064890098218e+02
1.798444075983774155e+02
1.800341644434709565e+02
1.818552127030715724e+02
1.833309880511228585e+02
1.820981354838972095e+02
1.790367950764005514e+02
1.761590088232213702e+02
1.722616069855901344e+02
1.756176133875461858e+02
1.711891720783973483e+02
1.767204555575695224e+02
1.752942243039508980e+02
1.763432716015809945e+02
1.779160157663633299e+02
1.857449468334874041e+02
1.823722552494087381e+02
1.833217710432029151e+02
1.890360725414966794e+02
1.768965713237094235e+02
1.860578073180867307e+02
1.885986440066709235e+02
1.902713583389802068e+02
1.869375461938348622e+02
1.847255949488396141e+02
1.973692219458679631e+02
1.946552133511778209e+02
1.998506688487721874e+02
1.918743167576361088e+02
1.977222333876786706e+02
2.015779862665658868e+02
1.975214901189448540e+02
1.975643930348202559e+02
2.018015857192810927e+02
2.013304528907372912e+02
1.931458001343675051e+02
1.955967081861464862e+02
1.960633103832976190e+02
1.980049621608705763e+02
1.972478890438768531e+02
1.965042719659967361e+02
1.971671157587576033e+02
1.920951252397682367e+02
1.906565900635170578e+02
1.937102150250886439e+02
1.921187843296150675e+02
1.936914554379850983e+02
1.958224316374999603e+02
2.005125822438773753e+02
2.133194320714687819e+02
2.099059415467372673e+02
2.232703880845742788e+02
2.185393328307010279e+02
2.122134809967533045e+02
2.179234492084571286e+02
2.205086817832593056e+02
2.256381759656757424e+02
2.194380469396582214e+02
2.156472469613069052e+02
2.194967555010517799e+02
2.269094928490856660e+02
2.188850216235252617e+02
2.251791882438815549e+02
2.263845528066718487e+02
2.232028156264175038e+02
2.278165981228700616e+02
2.231656233543229177e+02
2.209760018378452173e+02
2.182402300654997305e+02
2.100858552709549087e+02
2.031948302151600103e+02
1.995086711256208218e+02
2.107191263797386398e+02
2.092557076596804109e+02
2.090789875579737043e+02
2.057084943690112482e+02
1.948746465919925868e+02
2.077964540168552787e+02
2.068854604972313211e+02
1.991320029722456297e+02
1.986583671134735596e+02
2.006246865184960768e+02
2.014351352218956208e+02
1.966119657394522733e+02
2.030105690508318048e+02
2.030064597227236334e+02
2.051149000815106263e+02
2.064100827157513720e+02
2.053125394105951784e+02
2.134568773103334536e+02
2.132968919675219013e+02
2.054941592544196283e+02
2.013381790950514585e+02
2.035537269860077743e+02
2.092000358070093284e+02
2.171184261284993795e+02
