1.000000000000000000e+01
5.054148922099983565e-01
1.938177111976768785e+00
2.550787734744218049e+00
-4.542696502802713532e+00
-5.876511704288208016e+00
-7.294197472427478957e+00
-8.360415597512281138e+00
-9.220098104665231276e+00
-7.868997068642651804e+00
-8.521254324999162577e+00
-1.093372339000138282e+01
-1.515903355110998341e+01
-1.047383718665846786e+01
-1.594040364809063348e+01
-1.705128493249304711e+01
-1.843178545085982378e+01
-2.434445017784291210e+01
-2.585477679197679635e+01
-2.365068643455661856e+01
-3.399383294956551538e+01
-3.127320002885511840e+01
-3.100723099024180129e+01
-3.568170609526391956e+01
-3.345449188082400127e+01
-3.325169416055337734e+01
-2.839929367127901472e+01
-2.655206521574655909e+01
-2.231294800184814164e+01
-2.645476219280211438e+01
-2.590827142288532414e+01
-2.984244674683360898e+01
-2.633361748355729759e+01
-2.779518299282871752e+01
-2.421581402506863157e+01
-3.352262164326055682e+01
-3.685124319931291126e+01
-3.626835607568359165e+01
-3.942677549223002842e+01
-5.142134913132695573e+01
-4.687948984123551810e+01
-4.496842335627093945e+01
-4.576632468670648279e+01
-4.823061863201454003e+01
-4.670159876799299070e+01
-5.157124539647977457e+01
-5.176707831282389805e+01
-4.932625764617989716e+01
-4.764021105533095835e+01
-4.483855220631440375e+01
-4.285066274763834571e+01
-4.106819684784858282e+01
-4.188143320135125691e+01
-4.033039513808174092e+01
-3.929882471490277140e+01
-3.982157087662352524e+01
-4.115654160166488396e+01
-4.377075999054261501e+01
-5.018770301786516086e+01
-5.184693317061777407e+01
-5.260513617045106116e+01
-5.289224116555203636e+01
-5.316699830421595152e+01
-5.655904530677422315e+01
-5.510416928559995853e+01
-4.954464952227993990e+01
-5.313169593557256576e+01
-5.098864448232207280e+01
-4.424004659374146797e+01
-4.611945797010493209e+01
-4.356959555887818425e+01
-4.099363981291997305e+01
-4.319710736614810287e+01
-4.685218762434135442e+01
-4.775755837302970264e+01
-5.092292395555763562e+01
-4.266407589555110746e+01
-4.563320561415810772e+01
-4.761251931906281953e+01
-5.137007221386043199e+01
-4.669313338299469507e+01
-4.892396006268494801e+01
-5.018065514519217629e+01
-4.555326910924045336e+01
-4.339676664038849907e+01
-4.613781166585238225e+01
-4.971000893319998681e+01
-5.183231186303334681e+01
-4.463756979055363416e+01
-4.242143041907198153e+01
-4.025789634724826982e+01
-3.765806688896988419e+01
-3.369624080252467024e+01
-3.134909534448108559e+01
-3.634733120525658734e+01
-4.437513977305045643e+01
-4.641041171784711139e+01
-4.582491067168730581e+01
-4.336607700523607889e+01
-4.310222668197781104e+01
-3.961412593591268916e+01
-3.863782765908347727e+01
-3.299312792390009719e+01
-3.363628745347206461e+01
-3.343218578659949003e+01
-3.114524377599195049e+01
-3.041624251682543445e+01
-2.616491586999662289e+01
-2.679639319911245110e+01
-2.356813217477523281e+01
-2.159506977328128130e+01
-1.706138230929115096e+01
-2.290376555438689010e+01
-2.871882306514666539e+01
-2.427858937214455892e+01
-2.352418722220334502e+01
-2.543363448729948217e+01
-2.438384259433720302e+01
-2.234301273584187086e+01
-2.798545926218363888e+01
-3.122432467193382521e+01
-3.770085428895697532e+01
-3.881382972371297768e+01
-3.894868022428874355e+01
-3.654741717119779310e+01
-3.606832687422635786e+01
-3.425200854130039119e+01
-3.122071240510278400e+01
-2.871645299124947215e+01
-2.604889108105704310e+01
-2.373804431302555784e+01
-2.755518268774258317e+01
-2.103468043308342317e+01
-1.635843218831517731e+01
-2.121953231893840197e+01
-2.454969777117584329e+01
-1.655836215292205083e+01
-1.250281509279724368e+01
-1.504769839271252607e+01
-1.050177957676673302e+01
-5.236932511982637095e+00
-6.788490412274849284e+00
-3.344432560430015133e+00
2.047981683825334631e+00
4.747848350784229510e+00
5.567562744747680981e+00
1.518983944269612252e+01
1.733249010498598608e+01
2.052545290713198511e+01
2.013417446206442207e+01
2.403149309900461361e+01
2.838568155236727719e+01
2.978311064587084545e+01
3.098231232560157622e+01
3.097517492380755044e+01
3.090288677308356213e+01
2.921601744018797930e+01
3.224054692255489840e+01
3.231032567850800774e+01
3.026079884229134720e+01
3.145765724643705141e+01
2.520472055466359507e+01
2.207628675472456337e+01
9.562723442677508956e+00
7.509787573874675104e+00
9.400251183952375911e+00
1.277666174806896215e+01
1.197814029103787092e+01
1.578556981669383319e+01
1.924519163341745553e+01
1.959065044645518938e+01
2.203147526490220187e+01
2.761653174684163403e+01
2.791746397576603655e+01
2.768008623023067472e+01
2.827156704349496863e+01
3.245290939368446459e+01
3.140013219149315304e+01
4.194247713667540722e+01
3.748705012221193300e+01
3.842407972108043879e+01
3.577657027346796781e+01
3.747457619436609377e+01
4.212891644690097337e+01
4.558591906403245986e+01
4.808756877952883713e+01
4.635004151990264631e+01
4.670152450742084227e+01
4.486041596683770649e+01
4.847477212157051696e+01
4.762822195586030460e+01
5.143242456975556109e+01
5.706640988941123993e+01
5.242489437080557479e+01
5.156340583088143603e+01
5.582598381640411844e+01
5.886440156388099609e+01
6.418060342869959811e+01
6.131943300294933863e+01
6.383749886733244239e+01
6.276707888525147183e+01
6.064938504083308146e+01
6.374623960421953228e+01
6.355833296416804501e+01
7.048950790419850421e+01
7.003691206994530205e+01
6.958203911304467226e+01
7.142895332101262795e+01
7.001107603488756581e+01
6.396226434344364264e+01
6.298804464597469632e+01
5.953886226687107808e+01
6.137469215959720970e+01
6.318202519188476174e+01
6.671357240989017612e+01
6.588602835340658714e+01
6.379948368287819704e+01
6.936846674900043297e+01
6.980584135885706587e+01
7.098918440275731712e+01
6.848795693774641791e+01
7.418011582916695090e+01
7.396857323712339394e+01
6.940812687705042094e+01
7.399101940894762208e+01
7.841197247448673124e+01
7.828806740873660885e+01
7.730964656195078533e+01
7.893946131305176550e+01
7.834444648055449534e+01
7.655468556224408871e+01
7.673356442159978030e+01
7.286623700731394138e+01
7.232541690622774411e+01
6.887919705651498248e+01
7.164499095869690848e+01
7.715358171156927369e+01
8.272477993545183494e+01
8.152923516231422241e+01
8.257716759694110920e+01
8.408926705775073174e+01
7.976828084055688350e+01
7.587397264735224667e+01
8.055457473996543172e+01
7.448262072207130302e+01
8.075148194990632078e+01
7.462055084798903692e+01
8.002969800484824248e+01
7.898786245680338425e+01
7.803875755778706491e+01
7.238879673682274074e+01
7.399823571738501471e+01
7.597743902098088142e+01
7.641610539994107398e+01
7.387927836434701589e+01
7.131280131875720940e+01
6.623094333661427413e+01
6.481647018191485188e+01
6.371094032906133720e+01
6.059824372743062781e+01
6.167807610299881560e+01
5.711592749843341466e+01
5.165658958397267497e+01
5.321770252517512745e+01
5.198862770838409375e+01
5.909211830762006912e+01
6.074493496210352816e+01
6.355498484134734838e+01
5.655112045295136625e+01
5.572195047637541876e+01
5.923277439354811236e+01
5.821755668699124442e+01
5.284666045646492449e+01
5.930175013893273928e+01
6.394973726469788744e+01
6.116240295923297055e+01
6.430648366363453761e+01
5.771424531937299207e+01
5.797570053271693524e+01
5.697456304791143111e+01
5.767348576243432490e+01
5.227007707864753172e+01
4.997960127899590077e+01
5.164117916384124385e+01
5.395792269816475084e+01
5.900962682581736374e+01
6.151350746879045062e+01
6.319529980062621632e+01
6.231276516722634540e+01
5.576208048308265575e+01
5.677380662918504584e+01
5.430588646226002680e+01
5.840330271245277061e+01
5.935166915447693015e+01
5.701673426437451297e+01
5.723873541133436760e+01
6.098193667154074404e+01
5.762614592599401675e+01
5.804259202232165649e+01
5.193773418585272594e+01
5.217496699248071934e+01
5.053626775331574095e+01
4.793100285371075131e+01
4.753876121049352577e+01
4.836813282806486569e+01
4.597693516410560477e+01
5.157627327761759517e+01
4.596201896502673634e+01
5.042166530558181137e+01
4.535331252445206474e+01
4.587856792965808950e+01
4.663318599422848365e+01
4.576551091857098186e+01
4.624223307095194002e+01
4.303581750340558187e+01
4.129936558921601630e+01
3.989835591334537668e+01
4.083332970211395718e+01
4.626282105171451065e+01
4.678370132013545657e+01
4.925186351878795676e+01
4.658205303653361540e+01
4.562838108803292414e+01
3.892705176123996580e+01
4.031926390693290330e+01
3.607326165016078789e+01
3.991274131332350095e+01
3.841033580993431684e+01
3.982836913838732329e+01
4.065265559487527725e+01
3.389921477734283428e+01
3.563101115081954617e+01
3.724412687889437734e+01
3.922252055241511215e+01
3.974792304489072592e+01
4.260024541818955868e+01
4.326990134945418021e+01
4.679943311082077884e+01
4.799359389095944550e+01
4.944561843970438986e+01
4.932730646076578296e+01
5.344753915768082209e+01
4.676698403811897720e+01
4.366271694018843874e+01
4.090514457356062650e+01
3.700341574959742985e+01
3.788764560646183810e+01
3.472041220086710922e+01
3.640672201028958455e+01
3.326536857586081197e+01
3.497434135167269886e+01
3.450024755618664329e+01
3.138303623964864997e+01
2.831251569212374264e+01
2.856075223710137934e+01
2.651024445151440645e+01
3.407118977629244228e+01
4.165773927772003304e+01
3.912806963055189158e+01
4.057385060864162085e+01
4.051343463679648949e+01
4.151323140598473316e+01
4.126863928675864202e+01
3.894960383470608889e+01
2.818846098517554566e+01
3.536352371756450452e+01
3.608369439025468495e+01
3.701467846939688400e+01
3.756649625340190823e+01
4.026546446975191884e+01
4.450513237353654716e+01
4.793001191524488291e+01
5.395023745035783236e+01
4.976936874141821221e+01
4.901203384613070568e+01
4.754349944096098568e+01
4.489925494122445571e+01
4.257803837678657999e+01
4.420810133225428729e+01
4.532801736304698892e+01
4.185335560259461118e+01
4.574033509526571351e+01
4.455482432819757577e+01
4.214360681742689962e+01
4.487483030206647072e+01
5.026443393394217196e+01
4.319998108785439683e+01
4.652909315866738638e+01
4.701775504715552501e+01
5.131434063632327280e+01
4.407501502428609541e+01
3.946540464519915759e+01
4.132804005342791243e+01
3.979254723614200628e+01
3.749798067831680015e+01
4.603817258287436687e+01
4.767711472452349852e+01
4.426072439399366232e+01
4.277246646224252657e+01
4.516258633049172033e+01
4.744823051495684041e+01
4.553565471829242739e+01
4.409802767201605889e+01
4.379974940342450651e+01
5.355130386500638906e+01
5.204604221830015121e+01
4.845741905892531776e+01
4.770215346411207236e+01
4.847313258338246555e+01
4.868928360190781035e+01
5.070457340149682324e+01
5.534485933225062126e+01
5.260737384691024943e+01
5.372334570734160764e+01
5.569681432134905208e+01
5.859978574971185594e+01
6.343585640379937729e+01
5.870270550336893223e+01
5.614753072022696756e+01
5.517631463973574313e+01
5.333184172125869082e+01
6.065984268136107005e+01
5.830820832941995491e+01
5.726033622386054134e+01
5.244021592183705138e+01
4.764695170001539992e+01
4.510345191479303395e+01
4.055890432892137198e+01
3.349998976124112460e+01
2.659687144604638220e+01
2.128807325708298492e+01
2.144890317481820574e+01
2.401802827750318059e+01
2.161792703938399995e+01
2.198326264969598753e+01
2.125837779149186346e+01
2.200827534615238790e+01
2.021539973127071477e+01
1.865367789706947832e+01
1.655163792459194028e+01
1.256314616684520225e+01
1.121623507993411906e+01
8.640893549496460935e+00
9.010625851160218858e+00
1.177257003352642073e+01
1.422709445198020539e+01
1.354078513848326715e+01
1.547604159249516265e+01
1.640616619603366289e+01
1.086684053543688222e+01
8.344775554056155897e+00
1.858156686096129384e+00
-6.848940112171786332e-01
-1.802475295060031346e+00
-8.635390579203182648e-01
-4.419938249289425691e+00
-2.742722423780836749e-01
-5.958213338041841389e+00
1.653142561358186491e+00
7.177454066124685284e+00
2.087509025375725358e+00
4.973619865158940279e+00
7.727306726908139467e+00
1.025248237822895803e+01
1.123470681478392841e+01
4.982860050301952448e+00
7.151181889566535332e+00
1.316005411108913492e+01
9.489486615983606654e+00
1.444931853341262595e+01
1.365624352570617006e+01
7.598900422179127645e+00
4.017331498035900950e+00
9.726458054716047741e+00
5.142762459372801409e+00
8.241438522637158925e+00
1.101197819219312279e+01
7.109175957876473717e+00
8.538086989511469937e+00
9.856306008921247752e+00
1.296643974395193410e+01
1.978556693326986959e+01
2.181582195544763181e+01
2.364124768889296391e+01
1.866082685193668311e+01
1.169811245972688774e+01
5.939440191366974986e+00
9.638864318685428145e+00
1.381682844800129573e+01
1.329924973521228004e+01
1.533239799105910528e+01
1.037864332424945424e+01
1.106678785256397290e+01
1.281425321346440604e+01
1.117588942148032061e+01
6.313421385419862197e+00
4.933537569374095710e+00
1.686462406160273986e+00
-2.253778579624102107e+00
-3.273963087430991070e+00
-5.555884158544431628e+00
-2.191863269384783042e+00
3.877472189174141715e+00
3.573005332805005096e+00
1.535719319513850323e+00
6.443867581629793229e+00
1.258463032952836258e+01
1.003580627250376622e+01
1.494385962111652866e+01
1.012155926899228753e+01
1.197289435344420383e+01
9.690678338979182627e+00
1.498273497823666744e+01
2.147462585787690870e+01
2.644702411738774117e+01
2.880945084777999199e+01
2.527318639425478253e+01
2.747827402918873219e+01
3.128567721246893640e+01
3.591241888008289607e+01
3.645421236192635916e+01
3.779239865933650577e+01
3.702904553238813889e+01
4.167820349737215224e+01
3.920649046603373478e+01
3.356038427354042142e+01
3.071548715568698995e+01
3.134530265579044084e+01
3.530152028417742827e+01
4.063832905122109906e+01
4.481273469386393771e+01
4.742061914922767585e+01
4.924139157130799305e+01
4.968664333538099243e+01
5.058006605811178247e+01
5.520789701189259802e+01
4.705185236944620897e+01
4.470741540973671846e+01
4.173883617830114900e+01
2.600092103758171191e+01
1.942217893935914219e+01
1.685240907574446112e+01
1.196211287208689455e+01
1.913219510592519867e+01
2.569120985258459200e+01
2.477949440472056253e+01
3.023858774513674774e+01
2.331997446873603863e+01
2.399286685912908723e+01
2.500441511755428081e+01
2.480091110841900814e+01
2.311872577579240229e+01
2.616980253560489444e+01
2.315308234295315515e+01
2.427278505046772139e+01
2.587312436019699291e+01
2.766243431813236242e+01
2.811213778462829183e+01
2.926642709341320625e+01
3.119214656777556982e+01
3.504245795677059050e+01
3.770993642410111590e+01
4.191434138252099473e+01
4.494974639900083702e+01
4.137258750277528918e+01
4.356532924031424869e+01
5.322146891494540455e+01
4.986538766000411727e+01
4.881777042498949015e+01
4.688226646255910168e+01
4.310279855052881715e+01
4.115599489320786830e+01
3.903431866513388826e+01
3.960532770178028272e+01
4.064158337245200414e+01
4.156217089398653997e+01
4.061293818202744887e+01
4.370972076622648217e+01
4.524051274327695182e+01
4.654232067313316179e+01
5.083036789492192753e+01
4.798183765105164156e+01
4.405500582863916037e+01
3.796574746762117769e+01
3.956544990913114646e+01
4.103866193372441273e+01
4.147339249384754822e+01
4.513910232579667792e+01
4.208821741037182562e+01
4.440267140046050542e+01
4.062993843899729995e+01
4.265577053114632378e+01
4.037760203294962480e+01
3.524241165118094443e+01
3.467745764562319266e+01
4.090290269413696933e+01
3.951221567544084223e+01
3.950414792912329887e+01
3.572566462533291798e+01
3.241647141415458577e+01
2.999376849610832707e+01
2.677421071394388719e+01
2.691823952475282056e+01
2.061819960212250180e+01
1.685446059869358848e+01
1.234508965113463574e+01
1.450199796461001256e+01
1.573449373005176533e+01
1.385949428391184490e+01
1.141475448168527862e+01
1.556288982202645954e+01
1.345390845128483548e+01
1.773531691106604313e+01
2.484195711291591735e+01
2.338771100422756888e+01
2.494127997089835702e+01
3.181333589670269291e+01
3.578368447233025762e+01
3.585327179843461920e+01
3.474868524196301678e+01
3.522983183492278414e+01
2.628058551010462907e+01
2.434964171119462151e+01
1.877923817268741402e+01
2.402825263543470413e+01
2.573285744364162753e+01
2.592061357737564364e+01
2.078206896342895149e+01
1.790321739977074600e+01
1.432764608853973343e+01
1.107152089187936461e+01
6.697433388611463201e+00
8.749593738294080936e+00
4.247204230515728263e+00
3.416869603193358973e+00
-1.828579261535458134e+00
-8.234623265048577334e-01
-3.177563430522408972e+00
-1.688398316198406635e+00
-7.087496928676078944e+00
-7.162765844423985229e+00
-9.539965217502119899e+00
-1.206436222532460967e+01
-1.680831570182842327e+01
-1.813935208284906864e+01
-1.712414271669042165e+01
-1.792959775728128946e+01
-1.970578217396680287e+01
-1.512597289300504499e+01
-1.155177367782492936e+01
-7.779369312040962825e+00
-5.938551421053940516e+00
-3.862214582880642677e+00
1.283877248612359967e+00
-3.261587679711988041e+00
-1.841835394008508819e+00
-2.468831800211854777e-01
-5.120735311806758006e+00
-1.775710245696568990e+00
-1.090514020066542145e+01
-9.923908153105839958e+00
-1.255718969598679813e+01
-9.312713267750174495e+00
-1.495051387450018510e+01
-1.893487527967694817e+01
-1.410358394409764848e+01
-1.578316648682077172e+01
-1.316426644344586272e+01
-1.029744348853976099e+01
-7.680035767852526618e+00
-1.379586071878042652e+01
-1.037637159619252358e+01
-1.288720049666432388e+01
-1.333583166299111689e+01
-9.983176789047206512e+00
-1.047435714915916982e+01
-1.356040570582193894e+01
-1.007700740003968676e+01
-5.009543084592861462e+00
-6.319616454218153656e+00
2.627289439450648523e+00
5.676254263284970847e+00
8.383704287858114057e+00
4.057579852164796108e+00
-1.334169990764509706e+00
5.540124972967377381e+00
1.024081112584873310e+01
1.017555776676660351e+01
1.408240759316566049e+01
1.952000212058749185e+01
1.732178733389096337e+01
1.799399829307612464e+01
1.143408122455549147e+01
6.359179933957609165e+00
2.876433805935101784e+00
1.765171209184965173e+00
8.725282092392291355e-01
1.990223307557419385e+00
1.381073679569400525e+00
-8.657338479298749334e+00
-1.004756562006517129e+01
4.683522890607267897e-01
9.601919376149748331e+00
9.369710848310191409e+00
1.006205785848825229e+01
7.148386807714783409e+00
6.113185175793875104e+00
8.186236277317256338e+00
5.381619162953914959e+00
4.088744001124126726e+00
3.537321703951391783e+00
2.338254376082565589e+00
2.105465995153644077e+00
1.928789314802342725e+00
6.292773586774972117e+00
2.180698362280740099e+00
4.546243512273955290e+00
6.450940303274413701e+00
1.052927440214583221e+01
1.117032185008232048e+01
1.454027651475169947e+01
1.975732592812537192e+01
2.443402797067124510e+01
2.664223379912896306e+01
2.802754974112549746e+01
2.992763021663206047e+01
3.138318629721167241e+01
2.704800323245341787e+01
2.242915584220008895e+01
1.802425844883750372e+01
2.385716308223259574e+01
2.704401524002917512e+01
2.469537480942759800e+01
2.237726340130510394e+01
2.321736750707571062e+01
2.783471587900893240e+01
3.131215211400780163e+01
3.472091059859828022e+01
3.517689475670668031e+01
3.538346715980122781e+01
3.588157976692955486e+01
3.489526058794633911e+01
3.762137674467716408e+01
4.256597276551900677e+01
4.077330615222546584e+01
4.054245182484636700e+01
4.338093894226184233e+01
4.588752249347208334e+01
4.126032210964247327e+01
3.388897924674784434e+01
3.178903248397514147e+01
3.365354751790876975e+01
2.823615469688935065e+01
2.543723452463452261e+01
2.671704144675423009e+01
2.627095065719898059e+01
2.650127330781743851e+01
2.333656586570533165e+01
2.696652667707196116e+01
2.801768714517115555e+01
2.587003562130929524e+01
3.742655196711608312e+01
3.229420766822029520e+01
2.755233543060796109e+01
1.844161342903385759e+01
2.238571054320595977e+01
2.141868630307904553e+01
1.894097651534744031e+01
4.936308784233276015e+00
-5.536152988796629870e-01
-2.727859425072283184e-01
-4.412084920370937802e+00
-3.758561391653689299e+00
-8.127166851031834227e+00
-6.942738931497213883e+00
4.315974799343287316e-01
3.445101260716887825e+00
1.282436058191859463e+00
3.312828480807769704e+00
3.813962043276586389e+00
-9.731155052184594645e-01
-3.374840338828762665e+00
-4.501443549314656067e+00
-1.017554313032283098e+01
-1.378989305239423580e+01
-1.408709480611682530e+01
-6.526025655675497639e+00
-1.308671334597318214e+00
-1.932903864080179890e+00
4.011255889053099821e+00
8.867882646966642746e-01
-1.950218256166222908e+00
-1.671240236535960211e-01
2.330140411659280097e+00
8.253887347990648493e+00
9.117879993565031427e+00
1.093558442289511135e+01
4.132748056242067314e+00
2.163311290326022096e+00
6.328094561699799669e-01
5.718750857414214295e+00
7.543699722883226322e+00
8.361774806927204651e+00
9.029825861635057294e+00
9.313182059511644795e+00
6.809541275466006738e-01
1.451500730946028384e+00
3.368344287062963183e-01
1.446148948731459161e+00
5.527082295136491297e+00
1.020863194021728759e+01
9.290489831456360648e+00
1.147835077922648495e+01
1.341708991564596154e+01
1.287414612128762492e+01
1.164822961345740460e+01
5.408449739834503944e+00
-3.216698993318900079e+00
-7.614021797278230252e+00
-5.450829267369983633e+00
-5.189095368190081992e+00
-5.456305315017333513e+00
-5.114973966471589861e-01
-3.368907876716713989e+00
9.020785807309432691e-01
-1.493339639777369054e+00
-3.570921108150709067e+00
-2.418481582819003606e+00
-5.284726124316524221e+00
-9.777776512956606325e+00
-1.046149640546364523e+01
-9.463476725795649358e+00
-5.222955031783501845e+00
-9.901082665935842186e+00
-1.227252046792201412e+01
-1.157379928244836798e+01
-7.161914976173716418e+00
-8.911263550605799111e+00
-7.108554712496202299e+00
-6.747617977109639398e+00
-7.325395028738018510e+00
-7.141443158103316868e+00
-1.048700276577403301e+01
-7.892180619949207276e+00
-1.185388467261884493e+01
-7.731203585686200697e+00
-8.177942124826211412e+00
-3.907058693229789270e+00
-4.850235562977642800e-01
7.257897778871766903e+00
5.477431315139313028e+00
1.451243752577530088e+01
1.009319284181241017e+01
1.221906506851414775e+01
1.917944447869111713e+01
1.682809424169055390e+01
2.156302800531268105e+01
1.937244707003631561e+01
1.467601211219436053e+01
1.372324099723613777e+01
1.170912011647837403e+01
1.476972104166812727e+01
1.386103712565155632e+01
6.578990372594943459e+00
5.106018833572336213e+00
4.762542504853546355e+00
8.330877362978652556e+00
9.230831330193499440e+00
5.935115810358520427e+00
7.065034424373508593e+00
1.761647518241283628e+00
-1.506275114953292249e+00
-7.060740051635114867e+00
-1.242332453424063843e+01
-9.110545980967863500e+00
-1.081425567406058263e+01
-1.100929000873877861e+01
-6.921017050733041742e+00
-7.418850863297016929e+00
-6.155934681793828744e+00
-6.498573669393549856e+00
-1.218102953793699683e+01
-1.178393683633997568e+01
-1.244182218309418353e+01
-1.148415059555359363e+01
-5.829156730117042606e+00
-3.299825470697375973e+00
-1.010312635264482495e+01
-8.598243001320748036e+00
-7.691537263937704871e+00
-1.054145992161005196e+01
-9.003873924106768456e+00
-1.051852062604691440e+01
-9.621895169821952365e+00
-7.495428215276866091e+00
-3.681621089763760235e+00
1.594994150302725178e+00
5.116137570367389031e+00
1.147209925236261796e+01
9.701820796405126401e+00
4.606695400592147216e+00
3.210957186796135066e+00
4.326365896632495378e+00
3.576430977883227058e-01
-5.115334850856125826e+00
-6.909538887262415940e+00
-7.927398825275520089e+00
-6.492818081009247067e+00
-5.683873001075714804e+00
-1.262538772087619421e+01
-1.141529336056817634e+01
-1.677150742744765921e+01
-8.966425509136218608e+00
-1.246485667878302195e+01
-1.351849031745847540e+01
-1.100452138394378210e+01
-1.422153135701639215e+01
-9.242829517408015505e+00
-1.186366167805461735e+01
-7.837963650865099829e+00
-1.042499162880136510e+01
-6.530495177053218470e+00
-9.512875023751155013e-01
-1.951336463815766642e+00
3.399009183032236869e+00
7.371637563838007168e+00
5.646971209241165468e+00
1.340101367594217763e+01
1.926911533504168972e+01
2.001393455704527113e+01
1.948850432384230302e+01
2.395459049838708054e+01
1.864566783802977668e+01
1.694697862682831868e+01
1.579384067666799574e+01
1.286004922801794947e+01
5.852400498978074239e+00
2.360671136239631540e+00
4.791108415666018416e+00
2.493555345742814122e+00
-2.000557716157023158e-01
-1.540098126331787221e+00
-8.183268136616284050e-01
2.881625608057425403e-01
1.378586840543656766e+00
7.953836559221812763e+00
7.668718717058388812e+00
1.043833840788439637e+01
6.976411584196256399e+00
3.127993888129962485e+00
6.552644692793466064e+00
1.693005021844636815e+01
2.173475375999376524e+01
2.359172662904949647e+01
2.039241629330398098e+01
2.303348175614576476e+01
2.341369670479913623e+01
2.044837496995967285e+01
1.979725498387944072e+01
1.635019614281845435e+01
1.349198495626342620e+01
1.813570956366173093e+01
2.223291165879158982e+01
2.262734552784457520e+01
2.417682923976901321e+01
3.150001908354539992e+01
3.456571665124786819e+01
3.067029136130195610e+01
3.285944873756751861e+01
3.480321150930295460e+01
3.306029947073462694e+01
2.867595798152509445e+01
3.110808944893503636e+01
2.257553903529912276e+01
2.210766656541346009e+01
2.070279189052360991e+01
2.382028881759804406e+01
2.390392459979763728e+01
2.629302263064850465e+01
2.962481568056985282e+01
3.284061089171504477e+01
3.862193054503040912e+01
3.788056501595283265e+01
3.693201007982950301e+01
4.190969552954702948e+01
4.487480121457141280e+01
4.464851440558069839e+01
4.167310972339492281e+01
3.537246217389152037e+01
3.385116393778351096e+01
3.778641711445963836e+01
3.827035051454654990e+01
3.270620150246006119e+01
3.382809239345779417e+01
3.817038555283116352e+01
3.274064432379032752e+01
3.505611051583321824e+01
2.925744826316987712e+01
2.679840325806251755e+01
2.813336015378511590e+01
2.957863603006760300e+01
3.009076011579744403e+01
2.896488026692923157e+01
2.668410546135773487e+01
2.658327092144102366e+01
2.883538563083954998e+01
3.133599574061516790e+01
2.853748236886232803e+01
3.104041463767667253e+01
3.156787742394471863e+01
3.408876289868232590e+01
3.551312961568311977e+01
4.232764234414882765e+01
3.801639349993467221e+01
3.694815237786691142e+01
3.457073199071263758e+01
2.778214257431278611e+01
2.885495227589428424e+01
2.999386528482907721e+01
2.998582915159254014e+01
3.105387269914616155e+01
3.030608638922787179e+01
3.770511425196305311e+01
4.118525696580708484e+01
3.792730147250319561e+01
3.837755601784206760e+01
3.853848264618571307e+01
4.686919945486886974e+01
4.350609390094174245e+01
4.187408956916889480e+01
3.800580581602771701e+01
3.489226583046481522e+01
2.905399418064479278e+01
3.265363134353061270e+01
2.917873214623463696e+01
2.832416802789534671e+01
2.971887467528772220e+01
3.387742741294993465e+01
3.212921723967177456e+01
2.846806895151004113e+01
2.531178008588839745e+01
3.220292704651924964e+01
3.290804952810866268e+01
2.946954516291301474e+01
3.158468892641964487e+01
3.010119069773886835e+01
3.078021146754360515e+01
3.301448235352645355e+01
2.981834026959828421e+01
3.146675994243384622e+01
3.017478267901668687e+01
3.030430322776577157e+01
2.640051350954190212e+01
3.267975595818965928e+01
3.371023539308134787e+01
2.759824644333436083e+01
3.602291503443593967e+01
3.518946834770579812e+01
2.991355005469340966e+01
2.272510450296030626e+01
2.339796553263282775e+01
2.142902184358832685e+01
2.069847137199727882e+01
1.745823379308292189e+01
2.533213874201422655e+01
1.906868013865113554e+01
1.583839595686866275e+01
1.989003725686807300e+01
1.475577925985231076e+01
6.083597879682569598e+00
8.560894125980841096e+00
5.881217858081223326e+00
9.653380725781243399e+00
1.460160221670374625e+01
1.517675056000227407e+01
1.746838605363054597e+01
1.464264624594277819e+01
1.609127039026553874e+01
1.988472376434157596e+01
2.017183101755146879e+01
1.897129886917815256e+01
1.894001154950564469e+01
1.531219568570411482e+01
1.154435535203550600e+01
1.521176846971885510e+01
1.685840684791781285e+00
-6.732950164128195247e-01
-1.083170636694942512e+00
2.831952191431230670e+00
3.680330106911404275e+00
8.757688597386252383e+00
9.888026500550690656e+00
3.308664622755880025e+00
6.177286817302311661e+00
6.388311139486982704e+00
1.403866651956605338e+01
1.617683985950030134e+01
1.508700272118307772e+01
2.376296573363325848e+01
3.060319221988667948e+01
3.046487491416631954e+01
3.338036426069950124e+01
3.896502719480992738e+01
4.702977585269465521e+01
5.021184780670429149e+01
4.958128180549524444e+01
5.084155459459287840e+01
4.850588388712736787e+01
5.578161018361403478e+01
5.743238175146757385e+01
4.994361073505554316e+01
4.898633068130375534e+01
5.143006812165987185e+01
5.109873033704416656e+01
4.480105947415309942e+01
4.523065909631128534e+01
4.788450982374121878e+01
4.706279586143399740e+01
5.385322802008906962e+01
5.330233235682375437e+01
5.861069551907618802e+01
5.920436458764829268e+01
6.326900492475017046e+01
5.917427807549751151e+01
6.243572904511982813e+01
5.940979540922539570e+01
6.252950587552924588e+01
6.478261867104838245e+01
6.198094532130149048e+01
6.067789426994440305e+01
6.208688272147732334e+01
6.238405082118190137e+01
6.611111858563617716e+01
6.642999600622266598e+01
6.309091589232518515e+01
5.981807388235823453e+01
6.245726231856794186e+01
5.658966176634552880e+01
6.433443503818647002e+01
7.072471459296214391e+01
7.042473254278573336e+01
7.156128089421777361e+01
7.639380698931145730e+01
8.111922981646399933e+01
7.584577610228505762e+01
7.595046945381130854e+01
7.160252543989251706e+01
6.805252868931877686e+01
6.317381516828636023e+01
6.204067558111839276e+01
6.303791623120424248e+01
6.346601057185900885e+01
6.429138329105666116e+01
6.069213998220567419e+01
5.270234228522370756e+01
5.614642032744794875e+01
6.246878212030567568e+01
6.054712412669664445e+01
5.432783321021108947e+01
5.611683303059054850e+01
5.015292538408438361e+01
4.858452235494836202e+01
4.808548480717603724e+01
5.339566512973492962e+01
5.510817748669798988e+01
6.495375489295038562e+01
6.249080120372325098e+01
5.667294905635469604e+01
5.020440641394228720e+01
5.104401117716076186e+01
4.655120952795542877e+01
5.107753923395366513e+01
4.850652256116380556e+01
5.549559465850501283e+01
5.830196289250568498e+01
5.874627631358688262e+01
5.589769525805316164e+01
5.483602904585923454e+01
5.339840103812694849e+01
5.978945663930402077e+01
5.762498743865382522e+01
6.139422743083278533e+01
6.354028396214786056e+01
6.342103082240527812e+01
6.188726334185994205e+01
6.161495090271652941e+01
6.170304518499778368e+01
5.737127330521975210e+01
6.033541506312127467e+01
6.234043984813285277e+01
5.921175689386731733e+01
6.040523210276619892e+01
6.259778643541250176e+01
6.755246205278133687e+01
6.619797036429621073e+01
6.467807241919491901e+01
6.595596456359888293e+01
6.523643989599767679e+01
6.496053775954158027e+01
6.053199449692264977e+01
6.258876546858341783e+01
6.027201425086116870e+01
6.744161300451084173e+01
7.321936335344037161e+01
6.656157105830810394e+01
6.418459907421242860e+01
6.669567099250842546e+01
6.716165956162107875e+01
6.778418241235129926e+01
7.634060491709588803e+01
7.444798995368863359e+01
7.532842918185976089e+01
7.098779544851228707e+01
7.266582009796843522e+01
7.735795360105635154e+01
7.560092949278494245e+01
8.200458806444329696e+01
8.590066610483420106e+01
8.984220233520859722e+01
8.791582983336863322e+01
8.243208289449525239e+01
8.690301701085884645e+01
8.778821074269353630e+01
8.596022568725067003e+01
8.955330164722477093e+01
8.671440431293000017e+01
8.555652856654684513e+01
9.221542406770521438e+01
9.214799038567385026e+01
9.615653189893662045e+01
9.300495523515758123e+01
9.043765009734842408e+01
8.705230863776648675e+01
8.836058852713085798e+01
9.048882223571555983e+01
9.400049119363728778e+01
9.850889348300054849e+01
9.334654379233820976e+01
9.614464741679428528e+01
8.614166246848245123e+01
8.471295588355533823e+01
8.551827970722635541e+01
8.813329639320147635e+01
8.547659810366830868e+01
8.305731623790912010e+01
8.308898927550634994e+01
8.107743275968353203e+01
8.445307127047023243e+01
8.584581467180939285e+01
8.063752396514449572e+01
8.537782417255341727e+01
8.945705026815065253e+01
9.476567876290754100e+01
9.646453856599309518e+01
9.918809345808269029e+01
9.886255241497457291e+01
1.001428377515116352e+02
9.490528922851871130e+01
9.275390012286754882e+01
9.516833099716912159e+01
9.681532659169813826e+01
9.404109652089549343e+01
8.885516047493509006e+01
8.536827849466602913e+01
8.507764438007987451e+01
8.063163522817481521e+01
8.702701225765231641e+01
8.707264365033879017e+01
8.509239965152123375e+01
8.309127156580049700e+01
8.267244032532862263e+01
8.005869386561096235e+01
7.708929591113623303e+01
7.761572033035334073e+01
7.351054173376290635e+01
7.624552896432626881e+01
7.764077673410717750e+01
7.312715623447849111e+01
7.548962246043645052e+01
7.422792375613988725e+01
7.369222239985117540e+01
7.492802534455944397e+01
7.248586056891500107e+01
7.584808485411812740e+01
7.417367590776854058e+01
6.876719834654124952e+01
7.091870562164424996e+01
7.259733457122996469e+01
7.001163970589068697e+01
7.146534946879206984e+01
6.829233802341128978e+01
7.769143118653875035e+01
8.432041113212565620e+01
8.550291083897069200e+01
8.604598676234755317e+01
8.300845797765011014e+01
7.820729590947146903e+01
8.059985218425669018e+01
8.735586031892312064e+01
8.742314906471494851e+01
8.197172365938406813e+01
8.364307455285585036e+01
8.268196130963720236e+01
8.095924418743169326e+01
8.034585065978986052e+01
8.525394434325092163e+01
8.485329092772769854e+01
8.537551100086382405e+01
8.669167802360699682e+01
9.101603310356817644e+01
8.876781733894358695e+01
9.443495009315074640e+01
1.003286974181381765e+02
1.013492219452441816e+02
1.054029702520713698e+02
9.866057654830080992e+01
9.697223619740124434e+01
9.880251336346194080e+01
9.390587255222810370e+01
8.314468290595124245e+01
7.578293865071429991e+01
7.950066742802151509e+01
8.301748986922832785e+01
8.360734742439211686e+01
8.250966290261230540e+01
8.363906412574820592e+01
8.558658177086145713e+01
8.692656298088672884e+01
8.587127573715611106e+01
8.721682361183481191e+01
8.959831054562278041e+01
9.193160356017651225e+01
9.591431333128304004e+01
9.125395062888750886e+01
9.396808670712228206e+01
9.023370322107774655e+01
9.184252162492406057e+01
9.977767151579696758e+01
9.538879324047469765e+01
9.704589682122882266e+01
9.449460214703792360e+01
1.050951613206080708e+02
1.063962273038379749e+02
1.118345490472333950e+02
1.128631883307917576e+02
1.097595234547794831e+02
1.097322743123051936e+02
1.034065435759939646e+02
9.707650361599557698e+01
9.711905949978982733e+01
9.804857467570596441e+01
9.970351393493447745e+01
1.034021789270651368e+02
1.072107285305544480e+02
1.098684258190660046e+02
1.079191626416011616e+02
1.026248948326464330e+02
1.030458332977268014e+02
1.032352331862971226e+02
1.042286698774667855e+02
1.051124034784243122e+02
1.054790504226718610e+02
1.057754112319333188e+02
1.080461010034474043e+02
1.104743111376354818e+02
1.127185797117089265e+02
1.196121161222088176e+02
1.174460476373157007e+02
1.209434985566002467e+02
1.187583112903674447e+02
1.209015598565786291e+02
1.197343927486613211e+02
1.201799349924084908e+02
1.205635500140797092e+02
1.242495784727122157e+02
1.279536460456863693e+02
1.289646977761212270e+02
1.366571085538913906e+02
1.304180717238415639e+02
1.283696764421748071e+02
1.249977477101182046e+02
1.247129271378411488e+02
1.231721598019604187e+02
1.259548439991737183e+02
1.195259921982938494e+02
1.172435764175312016e+02
1.191790637494080727e+02
1.194061942654207797e+02
1.231232418984302939e+02
1.233618055856813385e+02
1.204811026698032350e+02
1.235862618465788501e+02
1.198655816792018527e+02
1.252459912555722212e+02
1.230606176840337014e+02
1.259809619939815093e+02
1.210776689783542963e+02
1.242808415495538981e+02
1.291687980384203343e+02
1.281461480589454709e+02
1.286219062073591033e+02
1.305055540089653050e+02
1.257529927888977141e+02
1.248045417024394226e+02
1.323691881539682242e+02
1.333024463352007274e+02
1.294577975138375905e+02
1.302215965760766210e+02
1.395463546517247835e+02
1.415744815509992804e+02
1.490230498474808201e+02
1.481133527552083251e+02
1.461346424452342774e+02
1.444200673673394135e+02
1.401406793229865571e+02
1.366812452547666794e+02
1.370462492733163344e+02
1.383359865723415680e+02
1.350002335588908977e+02
1.416986413000402649e+02
1.413296725519697645e+02
1.487028499340839858e+02
1.493928907467068825e+02
1.513968030132049591e+02
1.518648995964384483e+02
1.587787544231250365e+02
1.617730247676751674e+02
1.609901983922425188e+02
1.637108506458362740e+02
1.615570518493861130e+02
1.591520360433772225e+02
1.643773174950169391e+02
1.652769185865398640e+02
1.709131761017343365e+02
1.733173716575338688e+02
1.676750714387346193e+02
1.629063018007059611e+02
1.676454271124271145e+02
1.681293485626918311e+02
1.661604778968727203e+02
1.630849599746213983e+02
1.662275490705340815e+02
1.577826285352849141e+02
1.611772338757861291e+02
1.597822938258260308e+02
1.568771019881161806e+02
1.559087026263710811e+02
1.604241829730730160e+02
1.612312241977200529e+02
1.596146070558417591e+02
1.594442536909513706e+02
1.588622531233964423e+02
1.519482438424179236e+02
1.515012464501128875e+02
1.476712749464754495e+02
1.480562529594085674e+02
1.471164995634652257e+02
1.499787293048350989e+02
1.497837879056929467e+02
1.456100496951018215e+02
1.491990099691624891e+02
1.472103235775870758e+02
1.423182810996256364e+02
1.400631497042952560e+02
1.421630132927348882e+02
1.459290829973645032e+02
1.537713782771176625e+02
1.510751780465772924e+02
1.505430208285021934e+02
1.463356504400957192e+02
1.479776076738085919e+02
1.571921766395661564e+02
1.599056209110251814e+02
1.604010800176935732e+02
1.642282207150312558e+02
1.652194783767446040e+02
1.704333002430142869e+02
1.692289846887978513e+02
1.702089298321790238e+02
1.712051405283997383e+02
1.747892847716313156e+02
1.728656490550815477e+02
1.748233777782020866e+02
1.763460271136354720e+02
1.814783626111625665e+02
1.810151983956702963e+02
1.786140105542624212e+02
1.829531155605429831e+02
1.860312267053575965e+02
1.938973873282035640e+02
1.931385585383628154e+02
1.966216457862053346e+02
1.998824182631963708e+02
2.056995363205138005e+02
2.100747202906765665e+02
2.066567584732847536e+02
2.027536469095325629e+02
2.088499459443222293e+02
2.029868158756118532e+02
2.017297751657800404e+02
2.039702124151272358e+02
2.030766951496811714e+02
2.008116731595735018e+02
1.954651370017224394e+02
2.019320786585153087e+02
2.012019716352752710e+02
1.997632404263627564e+02
2.007127087136793762e+02
1.984908841071133452e+02
1.944070122219649477e+02
1.956013584255498472e+02
1.883888652083979593e+02
1.847148992911840253e+02
1.782538887773466740e+02
1.820957671334502379e+02
1.780621519165905511e+02
1.769556216691283623e+02
1.746650050105276364e+02
1.681925112798080306e+02
1.640531576734634598e+02
1.582027832175479887e+02
1.543627844888391110e+02
1.590036928037140740e+02
1.572086352280213930e+02
1.616611087277337049e+02
1.550823568989896444e+02
1.591770080743527842e+02
1.610592837154359813e+02
1.662431974632149263e+02
1.708105256047633134e+02
1.709100380037951936e+02
1.762597210107354613e+02
1.711741757909890111e+02
1.700498990874652918e+02
1.760261913460622907e+02
1.680166664529258469e+02
1.662338152718930644e+02
1.631825963325462396e+02
1.594609749196121413e+02
1.562122683526497440e+02
1.566874697423289433e+02
1.599061667243244074e+02
1.628133191157527051e+02
1.629290167440923938e+02
1.648532922116482666e+02
1.674149800756424327e+02
1.651125214269539754e+02
1.700938217793690228e+02
1.570257804124470624e+02
1.509247920504801641e+02
1.462916122600043423e+02
1.445556822369914869e+02
1.441062332371666059e+02
1.446371815006612280e+02
1.367054903127985312e+02
1.343067094480973367e+02
1.392062801511333703e+02
1.362670027455908439e+02
1.347512820598471990e+02
1.368533477081025467e+02
1.401265706157528825e+02
1.411964432776952947e+02
1.349108984966205185e+02
1.357548094862973187e+02
1.340196924512377734e+02
1.349698579616161283e+02
1.308193629750708737e+02
1.316293254246407685e+02
1.336832189757259925e+02
1.346175065440080232e+02
1.407190628105869621e+02
1.444449962335421844e+02
1.433828487251734884e+02
1.462396655291275636e+02
1.406608665439629533e+02
1.468088575635656241e+02
1.422736180958908676e+02
1.449764348827449112e+02
1.395989953880618089e+02
1.465785815055234877e+02
1.452061004831047626e+02
1.365464922245105868e+02
1.382090180885543873e+02
1.394275929595894468e+02
1.421884595314595856e+02
1.430839876636126746e+02
1.447656857130590140e+02
1.478652767686352263e+02
1.454788146693437341e+02
1.382835278342322454e+02
1.415931507546969215e+02
1.431210755891134454e+02
1.438879779792775935e+02
1.457288778192176437e+02
1.467408739642731632e+02
1.488810440412302967e+02
1.508503163176792157e+02
1.543425728771319427e+02
1.582884233254772255e+02
1.597529327448625338e+02
1.635549370512607936e+02
1.671239894024603529e+02
1.723719348812345231e+02
1.682407150497055568e+02
1.776514406941271886e+02
1.777613652673564673e+02
1.780955451861390486e+02
1.692416987624678768e+02
1.688375274607405174e+02
1.704008543138956497e+02
1.687566254577713494e+02
1.678917714463984794e+02
1.684422139556091054e+02
1.741466570340527369e+02
1.792846349701706288e+02
1.835095065295013228e+02
1.835963503820277936e+02
1.878327468736440551e+02
1.901814496713413689e+02
1.872802120983103578e+02
1.857544808838849519e+02
1.845042220495851666e+02
1.826409578259278703e+02
1.781700121555167016e+02
1.809635637430254747e+02
1.798159860940217811e+02
1.893175659122586012e+02
1.837643890840228664e+02
1.776995583583519078e+02
1.751123802265373968e+02
1.719303376618790082e+02
1.644219699060557787e+02
1.689137105397450966e+02
1.633588760609854944e+02
1.603888483410536310e+02
1.600140898844344406e+02
1.566172365802571278e+02
1.446409563377023915e+02
1.470956368761227679e+02
1.469740128208050578e+02
1.441722131158049081e+02
1.398492295451661107e+02
1.397146040079162219e+02
1.396283290046591219e+02
1.379341675468492951e+02
1.421013612569948634e+02
1.378809333545594313e+02
1.378081543639359836e+02
1.407105659645425249e+02
1.360946495557471394e+02
1.440554873957732127e+02
1.452470713812636802e+02
1.508403153805254249e+02
1.497331704497338762e+02
1.482000728876465132e+02
1.506830865296340676e+02
1.524996274201684514e+02
1.576848992941835661e+02
1.601279487131247663e+02
1.597801069865263628e+02
1.599546926720501006e+02
1.620066516598156454e+02
1.611334660926970059e+02
1.670106449538295976e+02
1.664526274042916896e+02
1.685936112841215788e+02
1.735509994500635855e+02
1.672277747197008466e+02
1.627001402862667874e+02
1.610579589876182354e+02
1.620044279814397044e+02
1.615101720318311891e+02
1.639661762434370758e+02
1.704923660963877694e+02
1.697789396467173901e+02
1.723376694443794293e+02
1.649569739023076806e+02
1.689283904175634632e+02
1.690838956650195826e+02
1.637405411474466348e+02
1.631808783535574037e+02
1.675249393287107864e+02
1.661277365132182808e+02
1.671957154185981267e+02
1.749913706862841707e+02
1.742567590248046088e+02
1.712075775100382771e+02
1.753428019416127484e+02
1.761212263233368844e+02
1.835632939829266661e+02
1.848242036711471030e+02
1.842090242653081873e+02
1.853125266316189936e+02
1.872106670999970675e+02
1.894367176473264749e+02
1.871688782623661496e+02
1.889165316011159348e+02
1.901602746035462985e+02
1.936852667431224972e+02
1.936183835984477639e+02
1.956767671827340678e+02
2.002613605181187211e+02
2.027222028032018954e+02
2.022015295769240311e+02
2.048521173815632608e+02
2.107537964264346044e+02
2.073938237009150498e+02
2.075189997340310981e+02
2.087490517528092653e+02
2.111641571544606393e+02
2.096408746843346762e+02
2.069860344197269342e+02
2.143184295148604974e+02
2.098912400013018953e+02
2.084591543151324231e+02
2.109638106397516708e+02
2.105464265523240499e+02
2.135937316822050889e+02
2.175334643275923270e+02
2.205478078665988164e+02
2.213040541468730567e+02
2.239455279456844892e+02
2.236741740443565902e+02
2.168410051783454549e+02
2.132940361041316351e+02
2.186636127668666632e+02
2.120002826367058333e+02
2.119347890572279596e+02
2.103828447637385182e+02
2.114197466127632765e+02
2.091244713263305925e+02
2.131741897471044922e+02
2.205207295307569950e+02
2.190165167687822816e+02
2.154960442863012418e+02
2.110254507518845344e+02
2.169782614901487534e+02
2.211929048490316916e+02
2.314864348960797713e+02
2.287851018355362953e+02
2.309824855812069018e+02
2.317800543625536704e+02
2.301392312012959565e+02
2.262816063654868515e+02
2.237149757800853820e+02
2.217593386804756221e+02
2.227684333993499308e+02
2.203708475898631320e+02
2.128091904723311245e+02
2.107858747217054827e+02
2.074199802610189067e+02
2.081818331408062761e+02
2.039783659692803610e+02
2.077119690919767834e+02
2.070260759697166009e+02
2.052895411458099488e+02
2.051967056721769609e+02
2.027963345138978184e+02
1.983878159371139986e+02
1.913636566904324923e+02
1.917105697514919029e+02
1.932338410328940768e+02
1.906486758079665265e+02
1.910111139979368033e+02
1.889734831868380240e+02
1.855176387638787787e+02
1.804153529969075862e+02
1.765119762058410799e+02
1.777163843836156047e+02
1.810937309562753512e+02
1.820301755560532797e+02
1.789928444264410530e+02
1.838268463867634352e+02
1.881870967672262509e+02
1.828643028253606531e+02
1.856812340498761387e+02
1.881429707717600479e+02
1.929229299062252494e+02
1.980734169847880537e+02
1.996300591309661456e+02
2.018141000032785257e+02
1.991924570369144476e+02
1.965724921785790116e+02
1.932209889731928740e+02
1.973571980714845608e+02
2.033260018665936002e+02
2.027381909689360100e+02
2.036588686518560110e+02
2.038405390845229874e+02
1.992779692876261493e+02
2.103371909924935608e+02
2.050125841521202119e+02
2.042021771641351506e+02
2.026757762755900387e+02
2.032413778305864298e+02
2.042540646717013146e+02
2.031406064864478083e+02
2.071161446918413276e+02
2.048463833021056075e+02
2.128739390116663230e+02
2.120171932033262863e+02
2.043467580374506269e+02
1.980166920555963941e+02
1.968659841522236036e+02
1.973582871897229722e+02
1.975179999537427591e+02
1.948112949724329894e+02
2.017123685307158780e+02
2.037212705991096300e+02
2.013830368632770842e+02
2.021771140805473692e+02
2.021620911665508231e+02
1.977660379389021443e+02
1.992155809258029819e+02
1.902591120513340854e+02
1.843402250764743542e+02
1.880648807047124080e+02
1.875185217422352650e+02
1.855520643402374787e+02
1.857921600289923276e+02
1.860896195461506011e+02
1.841033588952049911e+02
1.951906642011283282e+02
1.983989882282993449e+02
2.055257182917362968e+02
2.055655240505061840e+02
2.018691898987107720e+02
1.942796819134848931e+02
1.983849085922416293e+02
1.966041634091104413e+02
1.881488907204924033e+02
1.867667149734886607e+02
1.808442422147164166e+02
1.765377080318189087e+02
1.824444080970629898e+02
1.767117121153218307e+02
1.775795666234011208e+02
1.842224435209259354e+02
1.847760681586746330e+02
1.902437329787680937e+02
1.870625447127529526e+02
1.827153306983267953e+02
1.886291963767868936e+02
1.930456785012603973e+02
1.910044592244098851e+02
1.913082688846859583e+02
1.943568737058245119e+02
1.979172596599857457e+02
1.966437909959452099e+02
2.009546564800829458e+02
2.026346743090522295e+02
2.072025493398896288e+02
2.065993400765423758e+02
2.017049018954803330e+02
1.991123403413617154e+02
2.027884077685021111e+02
1.984477617808783521e+02
1.953320281517217722e+02
1.965449297681495580e+02
1.944807875168752958e+02
1.962023940360435859e+02
1.954092712422927036e+02
1.962935399816701931e+02
2.002247174675852079e+02
2.028855967326482244e+02
2.119086566720481528e+02
2.198255652994596403e+02
2.200572845003366069e+02
2.218445726179726023e+02
2.233231971593860408e+02
2.186370827286652059e+02
2.115960710541611434e+02
2.132927719065299641e+02
2.101360379141604540e+02
2.154456254722366566e+02
2.169784386243794927e+02
2.174549212347376965e+02
2.233039314938232565e+02
2.211443980868399137e+02
2.153118947077748544e+02
2.200057186524532824e+02
2.183811955652740835e+02
2.243476254510759702e+02
2.243061218455104040e+02
2.270945565633177523e+02
2.286764698828167184e+02
2.261072626294902932e+02
2.242588413473921491e+02
2.268077692683678208e+02
2.263279113449843578e+02
2.233749708990761178e+02
2.216778626741422613e+02
2.154819444928242262e+02
2.098709954299627327e+02
2.112476464739332300e+02
2.059332272411688507e+02
1.974592783296374705e+02
1.973500585654307145e+02
1.961737388234100479e+02
2.034013882362444576e+02
2.012044181432868584e+02
2.007405862464874531e+02
2.018143663298257593e+02
2.062202286459994696e+02
2.095467806131868826e+02
2.080224689675781633e+02
2.067895482820416362e+02
2.067004118684372429e+02
2.142843248052004412e+02
2.130007124090944899e+02
2.131548651253945650e+02
2.127612838833779279e+02
2.161993531168737945e+02
2.124072518413621538e+02
2.102442893001974937e+02
2.071807067876836186e+02
2.068961681002193416e+02
2.056551498906899553e+02
2.087484644304158223e+02
2.028180917407932498e+02
2.065391961560533218e+02
2.126036090408074131e+02
2.141698198178193024e+02
2.124231009836756527e+02
2.193307120712039762e+02
2.200025194199730265e+02
2.262698723694457783e+02
2.231742421499207580e+02
2.243058270238581997e+02
2.251282304275971740e+02
2.250114502821274129e+02
2.275373350882715613e+02
2.247971808754436438e+02
2.276703206101873036e+02
2.322772777692150896e+02
2.324569793816193055e+02
2.334707982070964647e+02
2.343002008191719199e+02
2.361146751910759178e+02
2.351671786326305380e+02
2.330676826138858360e+02
2.381932737963820443e+02
2.382970785665611686e+02
2.365382448310623715e+02
2.410266272529666480e+02
2.444186594531570620e+02
2.491251503859791683e+02
2.510616418146838953e+02
2.514622200710000186e+02
2.443183966978509147e+02
2.487669640991430811e+02
2.520541117241717473e+02
2.529766426500101488e+02
2.533656448956860743e+02
2.603192219528808096e+02
2.557892787642679195e+02
2.581267675493004958e+02
2.548142285110212129e+02
2.544404031632145120e+02
2.547266940972099576e+02
2.527469800365982167e+02
2.530413200816766164e+02
2.529908303253411646e+02
2.572919537251964925e+02
2.552419221391994313e+02
2.517107505344837364e+02
2.489889043528467027e+02
2.459721812086049795e+02
2.482742742744260624e+02
2.521092752773070629e+02
2.512608348479181188e+02
2.476553759839051452e+02
2.431090153652622803e+02
2.424165062444775174e+02
2.412863310723899417e+02
2.397410810200376829e+02
2.346310778692021017e+02
2.395337991159831006e+02
2.317519058746562450e+02
2.251326738270347505e+02
2.311952722827476521e+02
2.300504717562326675e+02
2.298914263198799972e+02
2.280939733533756737e+02
2.273275437382082487e+02
2.269111352391479102e+02
2.275443325185373169e+02
2.294707843295654754e+02
2.287631828419484634e+02
2.313814140483833910e+02
2.266369502758912517e+02
2.261537590354612064e+02
2.262801493587045911e+02
2.268939995522625850e+02
2.252768499414507630e+02
2.296255662738025194e+02
2.369440578400022162e+02
2.315654238772587235e+02
2.318161966752983858e+02
2.291194657128971528e+02
2.273303388574981909e+02
2.282194400093773936e+02
2.297167514467793978e+02
2.337327807660108761e+02
2.355130212816869744e+02
2.384729211312109385e+02
2.340400013740512577e+02
2.380078345870524004e+02
2.351797513630850176e+02
2.325133512316950544e+02
2.250472712561442563e+02
2.293062793855488337e+02
2.344745882841928335e+02
2.386563758370614039e+02
2.438654150469405124e+02
2.447306229920686462e+02
2.436758874368065051e+02
2.452971925770397661e+02
2.491595973341054844e+02
2.526756778888799886e+02
2.503688670365129099e+02
2.478906935172515205e+02
2.437132665648206284e+02
2.480107325724688963e+02
2.459409899030415261e+02
2.445470538131472438e+02
2.437735472927969056e+02
2.429857460023083888e+02
2.440851550135498655e+02
2.384890144974231134e+02
2.392783242637283081e+02
2.395556854894352057e+02
2.436337974794963088e+02
2.384975153806218771e+02
2.366186596909546438e+02
2.365165822989212074e+02
2.386678688541981330e+02
2.400589926149367557e+02
2.410911544452444844e+02
2.391087729614613124e+02
2.397264419020002890e+02
2.422266773413140015e+02
2.379979335067330055e+02
2.354403006953826605e+02
2.437344025460810428e+02
2.503015845575799290e+02
2.494209269329127210e+02
2.487298713988955114e+02
2.513151409684082864e+02
2.537816768866555890e+02
2.499272295538399078e+02
2.435417421022065696e+02
2.462056437983886497e+02
2.430634039042925565e+02
2.440761945770196348e+02
2.479697971293665830e+02
2.487243732672286001e+02
2.490946667389016227e+02
2.486589902173107589e+02
2.492823013023357817e+02
2.449999404836353563e+02
2.382161240590517934e+02
2.406693150053180545e+02
2.377832103048439478e+02
2.427773809489239909e+02
2.397026842378052152e+02
2.465585598447664211e+02
2.472508176172798642e+02
2.515835372756405093e+02
2.539000299074737939e+02
2.498177252010281109e+02
2.452955500215780376e+02
2.480730528729684181e+02
2.542516830229112372e+02
2.542168421917301089e+02
2.591941994350552818e+02
2.577666342803366319e+02
2.556603322408996064e+02
2.537351393544899452e+02
2.528209414676235554e+02
2.535574683390840391e+02
2.510960590077614825e+02
2.484617485782338520e+02
2.432492825011707964e+02
2.378493773183545272e+02
2.435282587856305270e+02
2.445805824082696347e+02
2.455351215620185883e+02
2.464040435814656576e+02
2.424494208643432103e+02
2.415388534145395738e+02
2.357678077295239234e+02
2.302614533102557743e+02
2.306266339933463883e+02
2.288940421573666413e+02
2.256447590789476578e+02
2.226308565498992778e+02
2.224694552838542450e+02
2.252708966235753678e+02
2.194015671907418437e+02
2.210018734529348876e+02
2.164673103081996430e+02
2.150221899164914134e+02
2.100716320108990658e+02
2.036320629069158201e+02
2.027461627636969581e+02
2.070471258485259511e+02
2.072467126326470748e+02
2.026172512036455089e+02
2.048849595751886739e+02
2.044687803180647165e+02
2.077915467270158842e+02
2.085501192637476322e+02
2.009150888083291591e+02
1.961126798829698998e+02
1.987648198788934621e+02
2.024172127873023328e+02
2.089778236039718138e+02
2.099425791630172284e+02
2.133827072954136668e+02
2.129093406570963509e+02
2.080160781594535422e+02
2.060556541833901463e+02
2.032115101959570893e+02
2.048993653464174827e+02
2.093654255294478617e+02
2.181225350664576581e+02
2.138900500463114440e+02
2.128377188376601055e+02
2.133135503215364395e+02
2.099511832602116783e+02
2.136737191103182454e+02
2.129410926924324770e+02
2.108661471829178140e+02
2.082372335718568763e+02
2.012518959184010612e+02
1.993205328699153540e+02
1.994103751054958309e+02
1.932427436258197133e+02
2.004624598539925273e+02
1.935435749133172010e+02
1.979310198874132425e+02
1.980547949030051882e+02
1.997162530383689329e+02
1.984795776848969808e+02
1.941415951313147445e+02
1.919998130681475175e+02
1.936755163590372320e+02
1.997366792569904987e+02
2.021173400508271527e+02
2.004005569458493312e+02
2.039341607303964281e+02
2.020699056091090995e+02
2.097361977592582889e+02
2.083746613396897374e+02
2.059075964838988284e+02
2.071179640887626192e+02
2.034782998119513309e+02
2.012780121242360849e+02
1.963059976484355218e+02
1.956804339344934931e+02
1.986300846887160674e+02
1.973863723335895770e+02
2.003331941727111314e+02
2.025285032174667492e+02
2.029663205380440161e+02
2.013120398241076714e+02
2.044970332741501124e+02
2.030256463172939903e+02
2.002530708582898455e+02
1.930724184603905371e+02
1.908131651394916730e+02
1.863832178892907336e+02
1.890213349064912620e+02
1.866519315690061092e+02
1.895037709872146365e+02
1.929655213283074318e+02
1.911824868481964188e+02
1.939251359811387374e+02
1.936767571193427102e+02
1.898459360167344414e+02
1.892115636666541434e+02
1.983147702733087101e+02
2.004777183358574746e+02
2.027006791479320498e+02
2.063767884474294760e+02
2.072637315619922163e+02
2.092727931017757612e+02
2.083871343551882376e+02
2.141148349470111611e+02
2.110430804300196144e+02
2.137430146895058272e+02
2.130627661366811481e+02
2.176598477601825437e+02
2.164264940983411520e+02
2.145649062126398690e+02
2.115962280420351362e+02
2.151475739090600996e+02
2.152406429410374358e+02
2.193194134760550185e+02
2.144355200985864656e+02
2.104389750154707315e+02
2.108039071230820412e+02
2.134318614760334469e+02
2.127636561290758266e+02
2.198375950964080801e+02
2.227868218416238051e+02
2.285880989695508845e+02
2.344879538846203388e+02
2.269711805271726348e+02
2.310835940433132976e+02
2.292479678515398120e+02
2.331794646304126672e+02
2.365445576661552707e+02
2.305609790682362927e+02
2.273819504114241283e+02
2.322982455651118414e+02
2.335189528056316703e+02
2.364537645605189482e+02
2.342206468066027014e+02
2.330139904914755107e+02
2.216182348028896740e+02
2.220278886114793977e+02
2.251232649300474407e+02
2.223180642061870174e+02
2.194861967800685534e+02
2.232487316125159396e+02
2.211522669437916306e+02
2.185595855216185726e+02
2.166941800955426629e+02
2.133836598654722820e+02
2.208949992073351893e+02
2.213221230736272389e+02
2.243767654249622296e+02
2.263386507388753728e+02
2.231830708594666817e+02
2.235518283970390883e+02
2.219155796696933294e+02
2.259240989062690517e+02
2.284588840461716188e+02
2.300868466075220056e+02
2.239581095378549094e+02
2.254407985056673454e+02
2.248047047190562751e+02
2.255266107078250002e+02
2.292982662131822167e+02
2.290008142807447200e+02
2.265129615055126635e+02
2.294673661636649342e+02
2.305518709894830067e+02
2.231013634343540275e+02
2.262353491421283707e+02
2.219186899900103640e+02
2.218187354980108807e+02
2.236491436126086683e+02
2.228628089249195057e+02
2.256977371040171647e+02
2.218653399189077220e+02
2.212543454581456501e+02
2.256038218696837703e+02
2.282765173849433893e+02
2.343068782064176503e+02
2.391139739463034743e+02
2.437864097493820736e+02
2.448687160431873906e+02
2.481487237986600007e+02
2.444574310570438627e+02
2.480239195445266773e+02
2.476511470099177927e+02
2.509940798731931295e+02
2.484879820415649760e+02
2.453828761219513694e+02
2.464838911276773104e+02
2.419013812124809419e+02
2.477003385656940395e+02
2.454703529688092658e+02
2.482677553913671318e+02
2.489851819037704672e+02
2.572482659862228616e+02
2.590284785037882216e+02
2.591038031676498576e+02
2.612669045757148183e+02
2.640970255114204406e+02
2.649085716079955546e+02
2.676126642313573711e+02
2.710105437996502928e+02
2.724566877590303875e+02
2.776242930590127003e+02
2.774642714040426199e+02
2.737619985919497481e+02
2.769889718736815212e+02
2.751698053459932112e+02
2.722874970314612710e+02
2.767131360166065974e+02
2.785609826123256880e+02
2.795546979417948137e+02
2.787292460157680125e+02
2.760942146264271742e+02
2.712507969816345508e+02
2.651743328531484281e+02
2.654899390844695972e+02
2.606787282069124103e+02
2.703010604877096625e+02
2.725483649582388352e+02
2.620755104165739340e+02
2.612926478982600429e+02
2.685105556526247028e+02
2.663175924578379181e+02
2.762770144888012283e+02
2.746330727741577675e+02
2.755893825290766586e+02
2.709959711231814481e+02
2.720725136161773889e+02
2.749969499517341660e+02
2.722788005589234217e+02
2.713195062933226609e+02
2.706905830551949634e+02
2.680238586861009367e+02
2.701744492322699784e+02
2.686607843896800318e+02
2.666349118353267045e+02
2.633709413765983527e+02
2.635894271571094123e+02
2.661344795425608822e+02
2.739075779870942142e+02
2.773362349749326086e+02
2.806039265084211252e+02
2.775391931380361825e+02
2.770030928602283780e+02
2.733649206857773493e+02
2.778757774315807296e+02
2.767712855476108871e+02
2.704973963316529080e+02
2.694206568255464163e+02
2.637149848143936310e+02
2.650366492627400135e+02
2.623863713101885651e+02
2.632585949140207049e+02
2.708132475234565959e+02
2.670520673178087350e+02
2.670733279043053017e+02
2.620453476983144583e+02
2.590291800079305062e+02
2.602276986810553581e+02
2.634478341438755820e+02
2.602258002747871046e+02
2.605454047517625327e+02
2.605898796109065074e+02
2.578665043745635899e+02
2.582484322011243876e+02
2.644389005441312293e+02
2.596983673782681308e+02
2.573225864266319149e+02
2.609323173679376850e+02
2.588931539534342505e+02
2.657477047113850404e+02
2.710073184859321600e+02
2.713031111139340510e+02
2.736766399005887251e+02
2.764710713243569558e+02
2.744023397032592584e+02
2.719863504947734327e+02
2.759144586365516147e+02
2.724998832073786161e+02
2.734793281910329483e+02
2.676209485896551996e+02
2.648951992575936742e+02
2.611376138521730468e+02
2.644440997812514524e+02
2.638845128296499070e+02
2.616235938145705404e+02
2.666702765342805606e+02
2.739274122931391275e+02
2.778998978834537752e+02
2.768580309395584322e+02
2.714620290567759184e+02
2.729355793031664916e+02
2.737495145265188512e+02
2.745378800942672797e+02
2.757566111958319652e+02
2.785237352040328460e+02
2.762482903006666106e+02
2.672272076898788669e+02
2.637453243953972901e+02
2.615136163342824602e+02
2.528335482049308212e+02
2.517290696918322794e+02
2.496713670263850702e+02
2.505307298105221321e+02
2.516013660574716084e+02
2.527757057678031458e+02
2.526905158805347753e+02
2.489056210817761610e+02
2.491647850587033588e+02
2.476764124357229946e+02
2.435449391276565621e+02
2.450689829906198725e+02
2.485275221418854699e+02
2.484311403725085654e+02
2.511141318859659748e+02
2.467972704774062152e+02
2.465287150976309647e+02
2.435021624419692046e+02
2.421575026350983535e+02
2.485750260598263992e+02
2.427556281600642478e+02
2.495601584292439838e+02
2.493719831643572604e+02
2.579570505619072947e+02
2.621021141204294054e+02
2.667634096216865487e+02
2.655822507782677349e+02
2.636208405388591700e+02
2.620041697416456259e+02
2.585618778246523561e+02
2.516062831969388185e+02
2.504190677672513914e+02
2.444265440123227506e+02
2.453749558989815966e+02
2.483750700045476947e+02
2.484200063860633918e+02
2.530451138240833870e+02
2.518484826384703581e+02
2.508082794633685921e+02
2.464643212862953874e+02
2.454501712965575280e+02
2.454836977124595876e+02
2.535703360109235973e+02
2.561415473202050066e+02
2.596500597972306537e+02
2.653459249165127858e+02
2.641767824023297635e+02
2.669143103594502691e+02
2.662827167800222128e+02
2.666422455656232273e+02
2.679145854541474705e+02
2.690925131090332343e+02
2.666316945423567972e+02
2.702934179392184433e+02
2.697085890244510438e+02
2.697563889159026758e+02
2.692942254788611649e+02
2.653009667630105355e+02
2.646193280924161968e+02
2.647563239820672720e+02
2.687684405808357155e+02
2.606865954641108374e+02
2.668993468676496832e+02
2.682705779155983237e+02
2.693013899898254522e+02
2.670017752072606072e+02
2.640704449074008835e+02
2.642018150707710902e+02
2.621651140530244106e+02
2.619927089709898951e+02
2.607172938341885811e+02
2.669813333491045455e+02
2.719967783895856428e+02
2.688799289913328039e+02
2.692422102023242587e+02
2.731762176442553596e+02
2.724908389559425359e+02
2.725443106390582102e+02
2.730815858156063314e+02
2.670421133393165860e+02
2.634652477565642243e+02
2.650280942043594905e+02
2.643153467838502593e+02
2.633296721048286031e+02
2.598232355544827783e+02
2.572581150816607760e+02
2.640250397345567990e+02
2.617201729178245841e+02
2.663494936008622176e+02
2.651144689589525001e+02
2.645229181736034434e+02
2.678391095765940122e+02
2.675113373786935540e+02
2.675514922613040198e+02
2.634400142103260123e+02
2.649730756849971272e+02
2.665009667187338209e+02
2.641148576274833886e+02
2.600595815295161515e+02
2.584698350977500354e+02
2.572110779908524592e+02
2.588673105417461784e+02
2.550923367579584067e+02
2.597530284607806834e+02
2.589634538877899672e+02
2.649717117472685004e+02
2.649439182470159153e+02
2.663550359206565190e+02
2.742807719359420275e+02
2.714230369480517879e+02
2.720095095224022543e+02
2.719753024691629548e+02
2.717406005290215489e+02
2.710964293391282922e+02
2.696737514739560879e+02
2.619138840281690932e+02
2.613219912635785249e+02
2.709582408059121690e+02
2.677445568995330518e+02
2.642277938806896032e+02
2.600728035900828559e+02
2.575007940142957068e+02
2.625756503857583652e+02
2.623287060291337411e+02
2.583049228970476179e+02
2.622375617535423089e+02
2.611723266427338217e+02
2.593692095200754579e+02
2.642240683567050610e+02
2.657637414433555705e+02
2.703861229446849279e+02
2.703853643086358147e+02
2.654834974052538996e+02
2.725892095496176921e+02
2.745651770696354674e+02
2.796011969901996395e+02
2.776243825532109781e+02
2.765061810427290538e+02
2.742097069335756032e+02
2.753300661199384081e+02
2.710153556094024339e+02
2.667123653605287927e+02
2.633525855482870384e+02
2.683134437051947998e+02
2.685468378298384664e+02
2.746303667720418389e+02
2.741300644207651089e+02
2.710037872338829743e+02
2.685421182658632233e+02
2.688234252659899539e+02
2.703273123623325205e+02
2.688597195863487173e+02
2.608549757438847223e+02
2.572390468046315277e+02
2.610762867296197101e+02
2.613986220847782533e+02
2.586047590505989433e+02
2.619163252661072647e+02
2.572659554034115672e+02
2.630637696073973189e+02
2.659578119210138993e+02
2.733746398043625163e+02
2.790151735199769405e+02
2.795472168075498871e+02
2.715347891993640133e+02
2.732783590436933991e+02
2.685621614726613302e+02
2.623494643928146388e+02
2.640188553741287478e+02
2.626053502721635482e+02
2.599712647546111270e+02
2.605999996884877419e+02
2.594671391215701988e+02
2.598486727854821652e+02
2.604365685329206030e+02
2.629136861987688576e+02
2.591997945138729165e+02
2.568036719899892546e+02
2.509033714760270186e+02
2.533470457770149551e+02
2.574532880205889001e+02
2.549304061066749227e+02
2.522755854093885262e+02
2.503013374816558780e+02
2.455822442081620807e+02
2.443549891096997158e+02
2.471614181490681119e+02
2.465016129022204154e+02
2.464702452692436907e+02
2.441749800710314275e+02
2.382424209698490358e+02
2.360893658922091163e+02
2.302521755955940250e+02
2.302396924123683846e+02
2.270317851981949673e+02
2.266149636171591908e+02
2.341235616277324993e+02
2.345368117917075210e+02
2.369537615829096069e+02
2.328466069028063998e+02
2.373326354078243980e+02
2.397667324922589955e+02
2.410212660985671960e+02
2.363001714593281690e+02
2.372012743317029049e+02
2.334681385648729020e+02
2.380346350463495639e+02
2.432076604686600660e+02
2.439158477724757574e+02
2.510080221509378759e+02
2.465058437919126959e+02
2.468151305190355913e+02
2.521527565280324268e+02
2.484430022705334693e+02
2.450018796553870004e+02
2.514351818401177923e+02
2.571080429901110165e+02
2.585003214983736370e+02
2.556079201975725823e+02
2.587706084874074008e+02
2.609536269682576517e+02
2.520156131089527776e+02
2.606082441191462067e+02
2.612981521552476352e+02
2.588791300960941726e+02
2.555699175936853749e+02
2.595293434455593911e+02
2.568829478766559191e+02
2.546060262354445172e+02
2.461358435526323660e+02
2.445030229916550866e+02
2.470540799664125586e+02
2.508348628182262416e+02
2.572478490723632945e+02
2.604807594537078330e+02
2.578435842327592127e+02
2.545784496308893949e+02
2.516332160833632940e+02
2.471660433489991817e+02
2.459340648130997238e+02
2.464856431305332194e+02
2.527805733511795552e+02
2.585000107424807538e+02
2.627382873749018586e+02
2.606919159071920262e+02
2.637013757170523149e+02
2.615064034537941779e+02
2.648869768054027531e+02
2.682953838576025305e+02
2.650311915753176208e+02
2.679241325929310733e+02
2.720183533376326181e+02
2.742198447417769671e+02
2.732681844523006021e+02
2.690379686992354777e+02
2.725586893693858315e+02
2.794918219899598739e+02
2.782647789916336478e+02
2.783561042541819575e+02
2.763568400335906290e+02
2.780639857341406582e+02
2.777472088379633988e+02
2.778438216472575277e+02
2.812020369518268694e+02
2.808558612498649154e+02
2.833111079976609403e+02
2.782126024339923447e+02
2.762069121391985504e+02
2.739464050936185799e+02
2.712937377534989309e+02
2.627718584176565173e+02
2.673498348853790390e+02
2.645088979248991450e+02
2.569800547024330513e+02
2.587962860322215306e+02
2.576690628996117880e+02
2.610963003861394327e+02
2.600057222803977766e+02
2.617330386713421149e+02
2.606591448790612162e+02
2.650561625902012111e+02
2.654117238183538348e+02
2.644551839852309172e+02
2.656506697004988382e+02
2.631017513185606163e+02
2.677544432422682235e+02
2.646664991907225044e+02
2.642870465860609102e+02
2.674690548546869309e+02
2.685727416697612853e+02
2.738074461755295488e+02
2.754164393549025363e+02
2.667774545652201255e+02
2.707195411360491448e+02
2.741592722566297766e+02
2.714052868753548751e+02
2.738829689255725270e+02
2.692430670267444839e+02
2.702809498610520222e+02
2.700710660256821711e+02
2.764285049123161571e+02
2.772092648476941008e+02
2.723396395853516196e+02
2.644751063969550842e+02
2.628737249609669675e+02
2.625394793557412072e+02
2.643261082548823993e+02
2.676734420428021508e+02
2.675831826678843868e+02
2.720528053180658503e+02
2.709614681118971475e+02
2.712618072852704927e+02
2.767881896007426690e+02
2.738269701369594031e+02
2.726484176782313398e+02
2.721556975212947123e+02
2.733223275359583226e+02
2.715476413505368214e+02
2.727278849193698420e+02
2.729804677823477164e+02
2.676449442281520419e+02
2.705572181710344353e+02
2.701503628453959323e+02
2.672617910485118387e+02
2.665963540958557019e+02
2.636202546193894136e+02
2.590283666558189566e+02
2.584730777036714358e+02
2.623833250141752274e+02
2.604387145518135185e+02
2.617579154380923114e+02
2.606358396356731646e+02
2.596003588623896121e+02
2.544757573544896161e+02
2.541453673532465416e+02
2.479303225970688800e+02
2.482725179703974732e+02
2.442687752171368345e+02
2.393782116586803284e+02
2.345784670513560002e+02
2.341173384435504943e+02
2.454575063631052672e+02
2.439268140642606113e+02
2.421564434382731292e+02
2.491037930700300649e+02
2.467909599848508435e+02
2.518095256729405946e+02
2.505397835933652857e+02
2.485747623008542462e+02
2.538593636594313239e+02
2.499931222595012628e+02
2.486414931096921634e+02
2.490515169800257809e+02
2.495933631208051509e+02
2.453777210281115515e+02
2.438608505427757791e+02
2.452070834869783198e+02
2.412577439394669341e+02
2.403354308636960752e+02
2.331382538545848320e+02
2.246936820596637574e+02
2.189173079164259832e+02
2.140679089301170563e+02
2.125634113844961348e+02
2.127216129059954710e+02
2.109710638687635367e+02
2.136338021399397178e+02
2.103345065337857704e+02
2.102458989110016034e+02
2.090218489768805625e+02
2.090021059041246474e+02
2.113208783196979539e+02
2.106330096354841999e+02
2.087818691287768900e+02
2.100244665224412017e+02
2.139973165519725740e+02
2.145166857808634973e+02
2.101095038407647735e+02
2.185544052399622501e+02
2.194082508615962865e+02
2.209249087621890055e+02
2.239578158181597018e+02
2.244965615395114185e+02
2.286903214633192363e+02
2.304705421537399275e+02
2.303505794813589773e+02
2.264533294131436776e+02
2.295045138024670166e+02
2.342636947977963473e+02
2.314850759941135152e+02
2.354654870299025333e+02
2.308337584138493810e+02
2.265591547438592954e+02
2.309603735063148235e+02
2.290578793477377246e+02
2.288103780537725811e+02
2.273184054629570596e+02
2.191958631855158046e+02
2.187888029246436759e+02
2.237101514923279524e+02
2.203312222057417955e+02
2.139968708158282880e+02
2.177257745593319100e+02
2.222762314349130861e+02
2.230831859675518558e+02
2.238723600441542487e+02
2.186919126282071772e+02
2.125426642398622903e+02
2.152636193256529680e+02
2.153839480566114446e+02
2.162999463197615739e+02
2.156419009431777454e+02
2.142084160754120319e+02
2.092265062013472345e+02
2.110566726864971940e+02
2.096477743473679709e+02
2.071942000918911617e+02
2.068027998593427412e+02
2.035392201711451889e+02
2.032128992228150253e+02
2.010427292157507111e+02
1.975926402664435955e+02
1.924794331209567702e+02
1.924527601734149869e+02
1.892752813469290913e+02
1.851341970826711645e+02
1.873589769459796344e+02
1.812946559526074282e+02
1.785361291044177676e+02
1.807495782841672280e+02
1.835517680159770748e+02
1.832282636551420296e+02
1.788575685899899952e+02
1.847680544814070061e+02
1.859790235931781979e+02
1.857099029027330914e+02
1.821480237695789697e+02
1.835779067809396849e+02
1.877650396555985139e+02
1.801066969402269251e+02
1.758607374753561885e+02
1.770990286441304136e+02
1.722124474408057040e+02
1.690566947557863955e+02
1.752178324579915056e+02
1.785488786843711182e+02
1.802336717232017804e+02
1.816781274148683565e+02
1.866567341774744762e+02
1.847018650951650898e+02
1.809312946652116523e+02
1.821464136668135154e+02
1.796144992910396638e+02
1.782874365436245796e+02
1.769697605838863694e+02
1.771301840921685766e+02
1.736457590424533350e+02
1.753365568726486856e+02
1.734288893593711407e+02
1.754700695701523045e+02
1.728584500296841782e+02
1.745929864472548445e+02
1.774299792557920625e+02
1.756434421359706732e+02
1.694895330030126956e+02
1.705790246681847293e+02
1.723384836546291581e+02
1.720370305264678734e+02
1.708390478794615603e+02
1.702064415423259902e+02
1.669110834804177728e+02
1.658088045259284797e+02
1.619616282941771885e+02
1.627141584982524591e+02
1.625554357682357249e+02
1.599484331861693249e+02
1.622784488259127897e+02
1.565696965545106991e+02
1.578535265701757737e+02
1.615734941835775089e+02
1.594289085970465294e+02
1.649183401108734017e+02
1.689005683109856477e+02
1.712195742010174513e+02
1.810026563592237778e+02
1.729458612297916034e+02
1.746092371023611065e+02
1.780973469346042179e+02
1.774000473202748083e+02
1.786398958208562817e+02
1.813001513033915160e+02
1.776398424536779999e+02
1.779304077045504187e+02
1.761578996892873477e+02
1.766399719305577491e+02
1.711901036447112006e+02
1.731532391840853222e+02
1.789752944192728137e+02
1.773698256236581585e+02
1.791037045304312869e+02
1.797965325883602645e+02
1.794936185247409526e+02
1.792933665921325996e+02
1.762839871521343014e+02
1.743233065013890268e+02
1.734060012589531823e+02
1.758240955575888620e+02
1.753503860480529681e+02
1.704118974662009407e+02
1.690672194354474129e+02
1.744541085936265858e+02
1.732557206043211977e+02
1.788876538779543068e+02
1.775378997522190048e+02
1.743141962539167480e+02
1.722468099296792445e+02
1.692554538858186675e+02
1.724203237448872699e+02
1.808044853789470494e+02
1.787315268629724301e+02
1.805826971403815548e+02
1.802847096920733634e+02
1.792686117769449083e+02
1.871654234501362737e+02
1.795033523610997861e+02
1.748210160556771768e+02
1.725561670374787298e+02
1.747216125882530093e+02
1.713752748278551223e+02
1.767790919587031908e+02
1.759094293695619058e+02
1.770643144262233193e+02
1.758486521154332536e+02
1.779359534504058047e+02
1.822226528827516177e+02
1.823803074259869277e+02
1.855237239031044965e+02
1.886713767426721517e+02
1.874927678809861220e+02
1.870347187130553550e+02
1.874480024151268367e+02
1.878020752115343726e+02
1.851904492170015146e+02
1.894963153892592231e+02
1.927149798578671493e+02
1.928533623466613562e+02
1.957699533969140475e+02
1.914889709615570723e+02
1.954643569118088635e+02
1.948490840774938988e+02
1.992915593431519028e+02
2.024402759580321742e+02
1.980577863758283570e+02
2.006705172555089689e+02
1.956594999801556867e+02
1.950673154691940852e+02
1.964231235980207089e+02
1.962692070342656905e+02
1.981218979052569296e+02
1.965471131014593311e+02
2.003766394585321393e+02
1.957135503959479195e+02
1.951330726893301062e+02
1.966814547863281746e+02
1.972224396659894694e+02
1.985936876419485486e+02
2.019245656409910907e+02
2.030301579610993770e+02
2.109210957202776910e+02
2.140395280790405934e+02
2.164598439572347388e+02
2.184296612339782939e+02
2.156471752449503470e+02
2.169507652041652932e+02
2.146972670636721716e+02
2.208075195019347632e+02
2.200995839955552924e+02
2.151590553264915684e+02
2.193841517948986848e+02
2.216555731720547158e+02
2.205246083083457052e+02
2.254997115780253978e+02
2.286740910791987176e+02
2.244217313564384995e+02
2.260909790862583861e+02
2.244802084860457967e+02
2.218569549442752873e+02
2.155683424976227229e+02
2.156518174987795078e+02
2.087346762740155270e+02
2.035753433027019241e+02
2.102354674012800047e+02
2.053564808304884650e+02
2.041338146594333693e+02
2.018165332909096890e+02
1.997040906870721244e+02
2.008493843982657552e+02
2.053721306241127422e+02
1.984118633600290593e+02
2.003392907622266534e+02
1.957685384743676877e+02
1.967938739812296092e+02
1.956811449387753044e+02
2.004652657225256576e+02
1.984264792832263709e+02
2.054617147421890309e+02
2.043251779888792043e+02
2.032815716781549327e+02
2.111164054940910546e+02
2.096411806479444238e+02
2.066450043072840117e+02
2.059973666447525318e+02
2.067032859776448390e+02
2.145673761975320986e+02
2.150981581868783223e+02
