1.000000000000000000e+01
9.082999958305270738e+00
9.113608628126605993e+00
3.849910580211209243e+00
-9.795754599616044445e-01
-1.934493437250621950e+00
7.291241092098210697e-01
-3.800559018080631457e-01
1.576876972919340592e+00
-4.187648466785773849e+00
6.333862364030267145e-01
-7.912013684788483658e-01
7.471011653918475659e-01
1.046052637956791376e+00
-3.868200883733333928e+00
-2.501287892674391777e+00
3.306776489750647308e+00
5.942764345813542626e-01
1.483223539709903616e+00
-4.884446802300981716e+00
-7.304483852411047806e+00
-1.502846700428807836e+01
-1.482950398332972419e+01
-1.228183599051340913e+01
-7.244711940575394138e+00
-8.721755431077799159e+00
-7.666665034628783459e+00
-9.779107078418430632e+00
-6.514573387840002283e+00
-9.718757860782863744e+00
-1.637681111128567935e+01
-1.091795353700522320e+01
-1.243307669007398886e+01
-9.878051116446163959e+00
-1.459384853065593290e+01
-1.183134820430919731e+01
-1.454323254581246871e+01
-1.960392936901718031e+01
-1.704101247076397385e+01
-1.985133014632706860e+01
-1.978676819060049397e+01
-2.431484087727159249e+01
-2.746518769962358775e+01
-2.100296680887471723e+01
-2.130665507378400392e+01
-1.960748742881297702e+01
-1.331399060426806358e+01
-1.570336349370990803e+01
-1.729292912244367031e+01
-1.997650137536564330e+01
-1.993717368139292390e+01
-1.695665186099724764e+01
-1.398530307014370955e+01
-1.039771790563574427e+01
-1.136823681279393661e+01
-1.191738679881663288e+01
-7.939171721139778981e+00
-8.054086829276588588e+00
-5.139764095972543245e+00
1.860355883126183940e+00
3.657825050720697746e-02
-2.291176588164808958e+00
-1.524018487574387404e+00
-5.684486158182707527e+00
-4.894391561143620173e+00
-4.155820440255858728e+00
-6.693762562650706904e-01
5.710180297724058107e+00
2.649540078527174547e+00
1.255284899316836178e+00
-1.343281716749041621e+00
-4.417840243655122734e+00
-6.708324770127928716e+00
-4.446131804293145251e-01
-2.974490746073143121e+00
-2.217694839725218081e+00
2.866379112190382550e-01
7.500568665509292909e-01
-2.049978711404635057e+00
2.522419534378284922e+00
4.446404812025411601e+00
2.993123853854718242e+00
-6.816529468123668778e-01
-6.069594612448879545e+00
-8.043849059115583344e+00
1.905682404031683319e-01
1.175145921116199865e+00
6.839011321725181780e+00
1.241388995029266695e+01
1.098925524916718821e+01
1.596703598084780751e+01
1.105311710639609757e+01
1.582254112797557610e+01
1.883917221148217891e+01
2.168564628891836676e+01
2.060453053051528371e+01
2.026998434656372083e+01
2.026547902219228803e+01
2.073279100442065470e+01
2.081562947545043585e+01
2.296877402116621525e+01
2.544350990975083704e+01
2.196210014385368936e+01
2.078664064666735101e+01
1.715262668280311331e+01
1.763122830910606353e+01
1.544510373331249653e+01
1.700502954256398525e+01
2.041699805953435742e+01
1.931721701923100909e+01
2.169124915800653852e+01
1.761509188127064363e+01
2.071511172330623651e+01
2.452050460513460450e+01
3.020370838408006620e+01
3.086956679625241762e+01
2.967151708062850446e+01
3.133911684932506247e+01
3.222255140192925182e+01
3.170402025628601805e+01
3.451918897397648323e+01
3.507915283993609989e+01
3.363354108239044393e+01
3.704947880235695123e+01
3.965677125592684860e+01
4.230710636064943486e+01
4.605353417746321298e+01
4.878913359563608765e+01
5.014957040900822705e+01
4.863616218253152113e+01
4.849724034402334638e+01
4.846586145068398821e+01
4.437867883301741756e+01
4.744287690622869746e+01
5.264115070177640376e+01
5.480085013205685129e+01
5.023410960354175359e+01
5.244904353293601673e+01
6.516636570144723350e+01
7.028879856616197230e+01
6.673216020286827188e+01
6.705972105878549883e+01
7.459750545537113453e+01
7.007164352586346467e+01
6.511433228634805914e+01
7.424948896660467312e+01
7.959416682526995146e+01
8.434742049685161192e+01
8.930178782387068281e+01
9.456839245868766852e+01
8.830080549907233944e+01
8.241212879855706319e+01
8.161843305601684051e+01
8.620355562375800673e+01
8.443266797890851194e+01
7.597540727222302337e+01
8.315598926426912385e+01
8.973758226726558007e+01
8.959412689217745651e+01
8.160144919122598139e+01
8.023181795357579915e+01
8.076938649686823624e+01
8.546594614390009781e+01
8.002155010557711989e+01
8.176103124374746756e+01
8.541078797008974277e+01
8.273789842518330317e+01
8.547409170081638763e+01
8.586043928570337869e+01
8.318613020004853809e+01
8.581946090514922787e+01
8.039329340448880146e+01
8.538120714948395573e+01
8.081832427743007941e+01
7.725247612342603531e+01
7.322856236156660259e+01
7.635493973842675075e+01
6.817520563064253736e+01
6.779192839690888661e+01
7.002617432760760607e+01
7.099575955265410698e+01
6.802057882013720302e+01
6.544671118635112350e+01
6.842621530474531255e+01
6.604962532696836774e+01
6.759827496154005644e+01
7.196732823246640010e+01
7.482538004831623368e+01
7.683269732574601107e+01
8.101155747446819078e+01
7.819895637051854465e+01
8.528072321602283523e+01
8.660546668020649008e+01
8.316260638204403222e+01
7.916857509341423338e+01
7.708438189333053003e+01
8.225603457615439140e+01
8.043962299997700427e+01
7.677571639792047620e+01
8.395759487925479903e+01
8.445013409464725385e+01
9.098568616377474427e+01
9.624111112354029274e+01
9.692224590787823502e+01
9.727068623773683953e+01
9.120016642357930436e+01
8.749031289121633392e+01
8.850207393728844352e+01
9.256511759402576445e+01
8.940661410329464331e+01
8.950344890384752716e+01
9.487362393225427581e+01
9.249076120359900699e+01
9.337202419336129822e+01
9.699368827086044575e+01
9.893092379669487002e+01
9.848775729465083373e+01
9.910607299425056738e+01
9.950119498693949538e+01
9.551392882746563373e+01
9.827046599423172779e+01
1.014016979572035524e+02
1.029258320285632067e+02
1.053106851857497190e+02
1.031311201559618098e+02
1.091520735398687094e+02
1.082494712755647583e+02
1.112321200693020842e+02
1.134483560960972284e+02
1.101794834220290511e+02
1.060592780191147710e+02
1.046922147641097922e+02
1.026919720089780981e+02
1.095188470021528957e+02
1.086247772586323208e+02
1.144513595136283044e+02
1.220502326819925116e+02
1.193058823333866201e+02
1.141569275102556134e+02
1.165161357704648282e+02
1.175990514755581557e+02
1.266452060730359506e+02
1.269401472027206665e+02
1.311024547514348910e+02
1.328763976649663334e+02
1.291340073601136851e+02
1.262033129042710158e+02
1.288289364495144582e+02
1.252848433367675938e+02
1.290663958166226450e+02
1.283131103804708175e+02
1.276372187218001102e+02
1.333170662259674373e+02
1.336451443469144067e+02
1.349673897687065391e+02
1.355979475444266882e+02
1.359577340306708209e+02
1.443180247667056051e+02
1.451777981008306710e+02
1.464768135029400753e+02
1.525967437360731935e+02
1.488655542206905409e+02
1.519964899957166722e+02
1.471693429390170422e+02
1.471579319118687579e+02
1.476189268323763883e+02
1.424580782852649747e+02
1.357785381479801572e+02
1.385655900778821774e+02
1.365948579855567004e+02
1.344434381020186891e+02
1.326415689700276346e+02
1.304043138414351972e+02
1.252180784029824281e+02
1.276164690220439866e+02
1.269441750707468231e+02
1.343446628888148666e+02
1.382931761051145259e+02
1.395526370269923575e+02
1.401835649521330254e+02
1.396183501689671402e+02
1.440329531107829268e+02
1.352925858643153276e+02
1.312246706496598279e+02
1.290595965484859278e+02
1.301505610960830666e+02
1.256587787229983064e+02
1.245988226675536481e+02
1.282956899464635399e+02
1.349336118348365119e+02
1.376372239345124626e+02
1.391254159791600955e+02
1.403945871237895062e+02
1.410152843182528670e+02
1.480402141962321707e+02
1.552922115291165426e+02
1.557552287269838018e+02
1.524443277722992605e+02
1.536366562466658934e+02
1.542210351883462351e+02
